Region: Body 1.Ramp1: Position[X] (m),Region: Body 1.Ramp1: Skin Friction Coefficient
1.117124096,172.1001349
1.117421875,172.0872908
1.109977399,172.2265478
1.110275178,172.2297646
1.115039642,172.174394
1.115339809,172.165552
1.116826317,172.1125049
1.117719654,172.0742074
1.10967784,172.2222549
1.110572957,172.2319838
1.113252968,172.2144688
1.112955189,172.2192586
1.114741863,172.1824088
1.115635534,172.156489
1.116528538,172.1244315
1.118017433,172.0609449
1.120101886,171.9622432
1.120399665,171.9499359
1.129035257,172.0808075
1.129333036,172.0937509
1.10938137,172.2167373
1.110870736,172.2332465
1.113550747,172.2091198
1.11265741,172.2234403
1.114444084,172.1899284
1.115930926,172.1463837
1.116230759,172.1357319
1.118315212,172.0473896
1.119804107,171.9754798
1.120697444,171.9383447
1.128735489,172.0674244
1.129630815,172.1059714
1.106106271,172.0949016
1.10640405,172.108623
1.109085371,172.2104421
1.111168515,172.2336341
1.113848526,172.2032171
1.112359631,172.2269786
1.114146305,172.1968093
1.118612991,172.033192
1.119506328,171.989329
1.120995223,171.9278792
1.128438346,172.0529048
1.129928594,172.1172513
1.106701829,172.1223707
1.108786283,172.2027464
1.111466294,172.2331222
1.112061852,172.2298275
1.11891077,172.0185787
1.119208549,172.0038219
1.121293002,171.918232
1.128142556,172.0392802
1.130226373,172.127547
1.133501943,172.1984427
1.133799722,172.2040069
1.107892946,172.1733683
1.107595166,172.1616025
1.106999608,172.1359045
1.108488504,172.1940414
1.111764073,172.2319015
1.121592721,171.9102914
1.123079677,171.8878598
1.123377456,171.887507
1.130524153,172.1368515
1.127844141,172.0248659
1.133204164,172.1930332
1.134097501,172.2097536
1.108190725,172.1842502
1.107297387,172.1490559
1.121889791,171.9027544
1.122781897,171.8898313
1.123675235,171.8883491
1.123973014,171.8908937
1.124270793,171.8946806
1.126355246,171.9576251
1.126653025,171.9702945
1.130821932,172.1451744
1.127546362,172.0108724
1.132906385,172.187729
1.134395527,172.2157685
1.122185631,171.897648
1.122484118,171.8928326
1.124568572,171.9001779
1.126057467,171.9455546
1.126950804,171.9834803
1.127248583,171.996996
1.131119711,172.1526887
1.132608606,172.1824687
1.134690515,172.221581
1.124866351,171.9067574
1.125461909,171.924006
1.125759688,171.9343049
1.13141749,172.1594867
1.132310827,172.177119
1.134988048,172.2280491
1.12516413,171.9148185
1.131715269,172.165767
1.132013048,172.1715903
1.135288617,172.2342124
1.135586396,172.2402786
1.135884175,172.2462429
1.136181954,172.2521395
1.136479733,172.2579333
1.136777512,172.2633192
1.137075291,172.2685884
1.13737307,172.2741494
1.137670849,172.2795663
1.137968629,172.2843333
1.138266408,172.2885304
1.138564187,172.2913149
1.138861966,172.2931633
1.139159745,172.2934287
1.139457524,172.2922205
1.139755303,172.2890546
1.140053082,172.2837244
1.140350861,172.2758756
1.140649964,172.2649951
1.140945977,172.2525265
1.141242432,172.235721
1.141541977,172.2171807
1.141839756,172.195398
1.142137535,172.1711444
1.142435314,172.1445758
1.142733093,172.1160842
1.143030872,172.0859239
1.143328651,172.0544081
1.14362643,172.0217789
1.143924209,171.9884276
1.144221988,171.9546564
1.144519767,171.920986
1.144817546,171.8878686
1.145115325,171.8557704
1.145413105,171.8249914
1.145710884,171.7958966
1.146008663,171.7684754
1.146306442,171.7430001
1.146604221,171.7194769
1.146904402,171.6979631
1.147200145,171.6789858
1.147495522,171.6622472
1.147795337,171.647664
1.148093116,171.6348354
1.148390895,171.6242253
1.148688674,171.6148791
1.148986453,171.6071719
1.149284232,171.600313
1.149582011,171.5946628
1.14987979,171.5894048
1.150177569,171.5852151
1.150475348,171.580975
1.150773127,171.5773063
1.151070906,171.5731866
1.151368685,171.5690608
1.151666464,171.5644398
1.151964243,171.5593723
1.152262022,171.5536179
1.152559801,171.5470715
1.15285758,171.5397628
1.153157312,171.5312002
1.1534544,171.5223592
1.153750227,171.5117177
1.154048697,171.5003471
1.154346476,171.4877216
1.154644255,171.4739055
1.154942034,171.4587209
1.155239813,171.4421322
1.155537592,171.4241292
1.155835371,171.4047834
1.15613315,171.3841553
1.156430929,171.3622696
1.156728708,171.3392361
1.157026487,171.3151147
1.157324266,171.2899901
1.157622045,171.2639632
1.157919824,171.2371748
1.158217603,171.2098242
1.158515382,171.1821199
1.158813161,171.1543462
1.15911094,171.126569
1.159408719,171.0990499
1.159707153,171.0717443
1.160002954,171.0455573
1.16030008,171.0191748
1.160599836,170.9938528
1.160897615,170.9693158
1.161195394,170.9457164
1.161493173,170.9232058
1.161790952,170.9017105
1.162088731,170.8812893
1.16238651,170.8617911
1.162684289,170.8432599
1.162982068,170.8257274
1.163279847,170.8090357
1.163577626,170.7933171
1.163875405,170.7783616
1.164173184,170.7641316
1.164470963,170.7506515
1.164768742,170.7378091
1.165066521,170.7254635
1.1653643,170.7136921
1.165662079,170.7025396
1.165960119,170.6916815
1.166255122,170.6818068
1.16655264,170.6724309
1.166853195,170.6640359
1.167150974,170.6566922
1.167448753,170.6506301
1.167746532,170.645415
1.168044312,170.6411369
1.168342091,170.6373201
1.16863987,170.6343407
1.168937649,170.6312471
1.169235428,170.6284705
1.169533207,170.6251116
1.169830986,170.6214263
1.170128765,170.6170918
1.170426544,170.6118981
1.170724323,170.6056673
1.171022102,170.5981984
1.171319881,170.5892793
1.17161766,170.5787479
1.171915439,170.5665778
1.172214557,170.5525566
1.172510584,170.5376591
1.172807024,170.5207597
1.173106555,170.5028337
1.173404334,170.4837212
1.173702113,170.4635689
1.173999892,170.4424858
1.174297671,170.4208169
1.17459545,170.3989126
1.174893229,170.3774469
1.175191008,170.3567951
1.175488788,170.3366871
1.175786567,170.3176342
1.176084346,170.2996496
1.176382125,170.2825564
1.176679904,170.267296
1.176977683,170.2532757
1.177275462,170.2411738
1.177573241,170.2303176
1.17787102,170.2213878
1.178168799,170.2137032
1.178468995,170.2084934
1.178764756,170.2034954
1.179060119,170.2021907
1.179359915,170.2008314
1.179657694,170.2021066
1.179955473,170.2043181
1.180253252,170.2084718
1.180551031,170.2137048
1.18084881,170.2204178
1.181146589,170.2282192
1.181444368,170.2372921
1.181742147,170.2474703
1.090028131,172.3668909
1.089728424,172.377367
1.090325183,172.3561608
1.089430645,172.3870828
1.090621034,172.3445234
1.089132866,172.396282
1.085857297,172.4719415
1.085559518,172.4776591
1.081390611,172.5408158
1.081092832,172.5414606
1.09091954,172.332372
1.088835087,172.4049681
1.085261739,172.4833742
1.086155076,172.4661711
1.092706215,172.2487446
1.093003994,172.2337507
1.08168839,172.5392499
1.080795053,172.5411545
1.091217319,172.3195973
1.088537308,172.4131722
1.088239529,172.4209562
1.08794175,172.4283327
1.084963959,172.4890239
1.086452855,172.4603367
1.092408435,172.263591
1.093301773,172.2187528
1.081986169,172.5368816
1.080497274,172.5398672
1.091515098,172.3062713
1.087643971,172.4353206
1.086750634,172.4543881
1.08466618,172.4947036
1.092110656,172.2781986
1.093599552,172.2039593
1.082283948,172.5338005
1.080199495,172.5375634
1.083177285,172.5212341
1.083475064,172.5162625
1.091812877,172.2924433
1.087346192,172.4419462
1.087048413,172.4482822
1.08436633,172.5002653
1.094790668,172.148888
1.093897331,172.1894786
1.075137251,172.3802784
1.07543503,172.3932252
1.078412821,172.5033581
1.078113248,172.4946105
1.082581727,172.5300986
1.079901716,172.5342635
1.082879506,172.5258677
1.083775217,172.5110476
1.084070923,172.5057484
1.094492889,172.1619071
1.09419511,172.1754207
1.069777228,172.1626903
1.069479449,172.1542017
1.070075008,172.1719663
1.074839472,172.36719
1.075732809,172.4059793
1.0787106,172.5112992
1.077816764,172.4848052
1.079603937,172.5299586
1.06918167,172.1462884
1.070372787,172.1817887
1.074541693,172.3540922
1.076030588,172.4184123
1.079008379,172.5184475
1.077520779,172.4750846
1.079306158,172.5246605
1.072159461,172.2513502
1.07245724,172.2640597
1.068883891,172.139292
1.070670566,172.1922582
1.074243914,172.3410641
1.076328367,172.4304593
1.077221704,172.4643413
1.071858864,172.2392869
1.072755019,172.2767525
1.068586112,172.1329364
1.070968345,172.2032537
1.073946135,172.3280549
1.076626146,172.4421328
1.076923925,172.4533883
1.071561302,172.2261572
1.073052798,172.2895071
1.068288333,172.1276213
1.071266341,172.2149497
1.073648356,172.31518
1.073350577,172.3023121
1.067990554,172.1230222
1.067692775,172.1195142
1.067394996,172.1168443
1.067097217,172.11504
1.066799438,172.1145436
1.066501659,172.1146248
1.06620388,172.11603
1.065906101,172.1179739
1.065606308,172.1214104
1.065309128,172.1247683
1.065013364,172.1298278
1.064714985,172.1354556
1.064417206,172.1416557
1.064119427,172.1492118
1.063821648,172.1571947
1.063523869,172.1665057
1.06322609,172.1762245
1.062928311,172.1873835
1.062630532,172.199041
1.062332752,172.2123861
1.062034973,172.2262463
1.061737194,172.2416499
1.061439415,172.2572696
1.061141636,172.2743148
1.060843857,172.2917553
1.060546078,172.3112728
1.060248299,172.3315205
1.05995052,172.3529774
1.059652741,172.3755273
1.059354962,172.399238
1.059056438,172.4241548
1.058762095,172.4502812
1.058465062,172.4772761
1.058163846,172.5065281
1.057866067,172.5362508
1.057568288,172.5672364
1.057270509,172.5992215
1.05697273,172.6322027
1.056674951,172.6659524
1.056377172,172.700309
1.056079393,172.7351661
1.055781614,172.7703198
1.055483835,172.8057165
1.055186056,172.8411986
1.054888277,172.8765468
1.054590497,172.9115699
1.054292718,172.9460453
1.053994939,172.9797609
1.05369716,173.0125168
1.053399381,173.0441276
1.053101602,173.0744975
1.052801733,173.1029938
1.052506312,173.1313526
1.052210624,173.1555193
1.051910486,173.1799717
1.051612707,173.2015178
1.051314928,173.2209928
1.051017149,173.2382655
1.05071937,173.2533331
1.050421591,173.2661938
1.050123812,173.276903
1.049826033,173.2855237
1.049528254,173.2921395
1.049230475,173.2966979
1.048932696,173.2991362
1.048634917,173.2991604
1.048337138,173.2974856
1.048039359,173.2928076
1.04774158,173.2865654
1.047443801,173.2782138
1.047146021,173.2687877
1.046848242,173.2570882
1.046548656,173.2443274
1.046252157,173.2297056
1.045956186,173.2140367
1.045657126,173.1971257
1.045359347,173.179772
1.045061568,173.1623211
1.044763789,173.1452575
1.04446601,173.1288749
1.044168231,173.1134172
1.043870452,173.0989509
1.043572673,173.0857507
1.043274894,173.0736807
1.042977115,173.0632595
1.042679336,173.0545437
1.042381557,173.0484981
1.042083778,173.0444415
1.041785999,173.0437322
1.04148822,173.044836
1.041190441,173.0491337
1.040892662,173.0552045
1.040594883,173.0639374
1.040294272,173.0747775
1.039996696,173.0885141
1.039701748,173.1053583
1.039403766,173.1256728
1.039105987,173.1474855
1.038808208,173.1723529
1.038510429,173.1986662
1.03821265,173.2288264
1.037914871,173.2612601
1.037617092,173.2952806
1.037319313,173.3319288
1.037021534,173.370567
1.036723755,173.4113136
1.036425976,173.4534181
1.036128197,173.4964545
1.035830418,173.5398498
1.035532639,173.5834355
1.03523486,173.6271714
1.034937081,173.6707933
1.034639302,173.7141426
1.034341523,173.7570324
1.034041717,173.7988706
1.033744519,173.8408218
1.033448767,173.8796017
1.033150407,173.9183075
1.032852628,173.9549207
1.032554849,173.9897565
1.03225707,174.0226538
1.03195929,174.0535646
1.031661511,174.0823777
1.031363732,174.1091604
1.031065953,174.1337311
1.030768174,174.1560999
1.030470395,174.1761499
1.030172616,174.1938962
1.029874837,174.2095694
1.029577058,174.2232497
1.029279279,174.2350039
1.0289815,174.2448734
1.028683721,174.2529549
1.028385942,174.2593981
1.028088163,174.2642974
1.027790384,174.2676206
1.027491842,174.2690417
1.027197485,174.2691779
1.02690047,174.2668858
1.026599268,174.263129
1.026301489,174.2580944
1.02600371,174.2516527
1.025705931,174.2441932
1.025408152,174.2362963
1.025110373,174.2275543
1.024812594,174.2175613
1.024514815,174.2068968
1.024217035,174.1957947
1.023919256,174.1842534
1.023621477,174.1726357
1.023323698,174.1614468
1.023025919,174.1511563
1.02272814,174.1416847
1.022430361,174.1334033
1.022132582,174.1261427
1.021834803,174.1204306
1.021537024,174.1156615
1.021237137,174.1127863
1.020941701,174.1095923
1.020646031,174.1093403
1.020345908,174.108889
1.020048129,174.1104474
1.01975035,174.1128944
1.019452571,174.1169481
1.019154792,174.1219056
1.018857013,174.128632
1.018559234,174.1363227
1.018261455,174.1459451
1.017963676,174.1566236
1.017665897,174.1695425
1.017368118,174.1837834
1.017070339,174.2004078
1.016772559,174.2181915
1.01647478,174.2379087
1.016177001,174.258547
1.015879222,174.2806939
1.015581443,174.303319
1.015283664,174.3268539
1.014984064,174.350966
1.014687551,174.3752561
0.86162968,179.3857049
0.861927459,179.3809933
0.862225238,179.3755453
0.864309692,179.3073881
0.864607471,179.2937554
0.862523017,179.3691572
0.864011913,179.3202441
0.86490525,179.2793571
0.862823068,179.3613854
0.863714134,179.3322247
0.865203029,179.2642066
0.863118647,179.3532367
0.863414156,179.3430627
0.865500808,179.2483024
0.868180819,179.0700864
0.868478598,179.0466342
0.865798587,179.2316528
0.866691924,179.1770503
0.866989703,179.1572393
0.86788304,179.0929496
0.868776377,179.0227669
0.866096366,179.2142447
0.866394145,179.196055
0.867287482,179.1365845
0.867585261,179.1151593
0.869077506,178.9976944
0.87115861,178.8255249
0.871456389,178.8015802
0.86937443,178.9738974
0.873243063,178.6638718
0.873540842,178.6414867
0.87086083,178.8498134
0.871754168,178.7779771
0.877709748,178.3640678
0.878007527,178.3491425
0.86966886,178.9487934
0.872945284,178.6863402
0.873838621,178.6191878
0.872051947,178.7547026
0.870563051,178.8743524
0.88336755,178.2055802
0.883069771,178.2112791
0.877411969,178.3797323
0.878305306,178.3350249
0.869967493,178.9239594
0.875327516,178.5106767
0.875625786,178.4899785
0.872647505,178.7089457
0.8741364,178.5970136
0.872349726,178.7317351
0.870265272,178.8991232
0.887834236,178.0188794
0.888133222,177.9979879
0.883665329,178.1992553
0.882771992,178.216527
0.87711419,178.3962233
0.878603085,178.3219555
0.875029737,178.5317544
0.875921476,178.4701502
0.874434179,178.5749717
0.887536457,178.0382731
0.888429124,177.977053
0.883963108,178.1922195
0.880687539,178.2529917
0.880985318,178.2467558
0.882471312,178.2213731
0.876816411,178.4135679
0.878900865,178.3093742
0.876218765,178.4505525
0.874731958,178.5532259
0.889918689,177.8530415
0.887238678,178.0566129
0.888725696,177.953763
0.88962091,177.8796597
0.885749782,178.132412
0.886047561,178.1193391
0.884260887,178.1843543
0.88038976,178.2600277
0.881283097,178.2409645
0.882173663,178.2263022
0.876518632,178.431664
0.879198644,178.2977681
0.890216468,177.8255863
0.889025352,177.9301627
0.886940899,178.0738902
0.889323131,177.905396
0.885452003,178.1444868
0.88634534,178.1052727
0.884558666,178.1756299
0.880091981,178.2678086
0.881580876,178.2358281
0.881878785,178.2307664
0.879496423,178.2867141
0.890514247,177.7973579
0.88664312,178.0900957
0.885154224,178.1556951
0.884856445,178.166034
0.879794202,178.276837
0.890812026,177.7685132
0.891109805,177.7391358
0.891407584,177.7094397
0.891705363,177.6795363
0.892003142,177.6496989
0.892300921,177.619956
0.8925987,177.5904775
0.892896479,177.5613171
0.893194258,177.53277
0.893492037,177.5051058
0.893789816,177.4783755
0.894087595,177.452912
0.89438766,177.4283794
0.894683258,177.4058167
0.894978752,177.3844681
0.895278712,177.3645882
0.895576491,177.3462088
0.89587427,177.3288653
0.896172049,177.3132853
0.896469828,177.2981542
0.896767607,177.284428
0.897065386,177.2716124
0.897363165,177.260394
0.897660944,177.2499618
0.897958723,177.240842
0.898256502,177.2322606
0.898554281,177.2245915
0.89885206,177.2173967
0.899149839,177.2109982
0.899447618,177.2049941
0.899745397,177.199752
0.900043176,177.1948714
0.900340955,177.1907322
0.900642099,177.1871332
0.900939041,177.1836617
0.901233456,177.1811642
0.901532071,177.1786901
0.90182985,177.1764496
0.90212763,177.1743677
0.902425409,177.1722292
0.902723188,177.1700646
0.903020967,177.1676865
0.903318746,177.1650377
0.903616525,177.1620313
0.903914304,177.1586013
0.904212083,177.1548014
0.904509862,177.1506783
0.904807641,177.1463528
0.90510542,177.1419422
0.905403199,177.1375784
0.905700978,177.1333142
0.905998757,177.1292231
0.906296536,177.1253058
0.906594315,177.1215649
0.906892094,177.1180258
0.907190382,177.114742
0.907486085,177.111525
0.907783355,177.1088378
0.90808321,177.1060466
0.908380989,177.1036079
0.908678768,177.1012625
0.908976547,177.0989968
0.909274326,177.0966822
0.909572105,177.0942756
0.909869885,177.091621
0.910167664,177.0886904
0.910465443,177.0855177
0.910763222,177.0820817
0.911061001,177.0785721
0.91135878,177.0747661
0.911656559,177.0705242
0.911954338,177.0658822
0.912252117,177.0608212
0.912549896,177.055359
0.912847675,177.0494954
0.913145454,177.0431483
0.913443378,177.036392
0.913738269,177.0294614
0.914035904,177.0215603
0.91433657,177.0135567
0.914634349,177.0047364
0.914932128,176.995274
0.915229907,176.9850103
0.915527686,176.9739505
0.915825465,176.962047
0.916123244,176.9492592
0.916421023,176.9355835
0.916718802,176.9209537
0.917016581,176.9053851
0.91731436,176.888779
0.91761214,176.8711807
0.917909919,176.852583
0.918207698,176.8330862
0.918505477,176.8127066
0.918803256,176.7915811
0.919101035,176.7697083
0.919398814,176.7472096
0.919697815,176.7238041
0.919993731,176.7006717
0.920290288,176.6762772
0.92058993,176.6518039
0.920887709,176.6271297
0.921185488,176.6023533
0.921483267,176.5777327
0.921781046,176.5533764
0.922078825,176.5294892
0.922376604,176.506246
0.922674383,176.4839144
0.922972162,176.4625979
0.923269941,176.4427362
0.92356772,176.4235245
0.923865499,176.4052516
0.924163278,176.388018
0.924461057,176.3717613
0.924758836,176.3578771
0.925056615,176.3459196
0.925354395,176.3371935
0.925652174,176.330182
0.925952253,176.3253652
0.926247869,176.3218043
0.926543348,176.3198998
0.92684329,176.3183687
0.927141069,176.3170847
0.927438848,176.3158315
0.927736627,176.3140006
0.928034406,176.3115074
0.928332185,176.3080136
0.928629964,176.3034317
0.928927743,176.2977386
0.929225522,176.2910683
0.929523301,176.2836157
0.92982108,176.2755178
0.930118859,176.2670948
0.930416638,176.2585166
0.930714417,176.2499921
0.931012196,176.2419328
0.931309975,176.2343265
0.931607754,176.2276429
0.931905533,176.2217041
0.932206691,176.2173803
0.932503652,176.2130902
0.932798053,176.211628
0.93309665,176.2104642
0.933394429,176.2112287
0.933692208,176.2132749
0.933989987,176.2174479
0.934287766,176.2229064
0.934585545,176.2300171
0.934883324,176.2382374
0.935181103,176.2473973
0.935478882,176.2571145
0.935776661,176.2670088
0.93607444,176.2765933
1.011710316,174.5802983
1.012008095,174.5647923
1.011412537,174.5944304
1.012305874,174.5479938
1.009030304,174.6810894
1.00872968,174.6917131
1.011114758,174.6073742
1.012603653,174.5298486
1.013794769,174.4460122
1.014092548,174.4228418
1.009328084,174.6709061
1.008432089,174.7029371
1.010816979,174.6193114
1.012901432,174.5104697
1.014391593,174.3989283
1.01349699,174.4684702
1.009625863,174.6608867
1.008137156,174.7144722
1.0105192,174.6304149
1.013199211,174.489984
1.010221421,174.6408912
1.009923642,174.6509992
1.007839188,174.7267272
1.005159177,174.8829884
1.004861398,174.9071159
1.007541409,174.7399254
1.005456956,174.8605343
1.004563619,174.9326945
1.00724363,174.753765
1.00426584,174.9597953
1.005754735,174.839445
1.006945851,174.7687158
1.003968061,174.9883465
1.006052514,174.8198226
1.006648072,174.7845433
1.003670282,175.0182131
1.006350293,174.8015996
1.00099027,175.3035121
1.001288049,175.2738528
0.991163562,175.4257274
0.991461341,175.4360204
0.998310259,175.4956731
0.998608038,175.4819451
1.003372503,175.0492431
1.002776945,175.1136271
1.000692491,175.3318651
1.001585828,175.243076
1.002477127,175.1463127
0.990865783,175.4150781
0.99175912,175.4459478
0.995632874,175.5382566
0.995927245,175.5397949
0.99801248,175.50746
0.998905817,175.4662222
1.003074724,175.0811344
1.000394712,175.3586962
1.001884171,175.211147
1.002179911,175.1795127
0.990568004,175.4039947
0.992056899,175.4556433
0.992950236,175.483005
0.993248015,175.4912789
0.995335877,175.5342927
0.996225806,175.5405826
0.997714701,175.5173176
0.999203596,175.448514
1.000096933,175.3839257
0.990270225,175.3923512
0.992354678,175.465033
0.992652457,175.4742073
0.993545794,175.4991266
0.99503469,175.5299159
0.996523585,175.5393642
0.997416922,175.5253673
0.999501375,175.4288837
0.999799154,175.4073141
0.987590214,175.2760749
0.987292435,175.2633651
0.989972446,175.3802908
0.993843573,175.5064081
0.996821364,175.5364106
0.994736911,175.5244815
0.997119143,175.5317272
0.98550576,175.1921186
0.987887993,175.2889751
0.986994656,175.2509041
0.989672541,175.3680172
0.994141353,175.5130423
0.994439132,175.518792
0.985207981,175.1806786
0.985803539,175.2035704
0.988185772,175.302058
0.986696877,175.2387061
0.98937709,175.3544321
0.984910202,175.1692172
0.988483551,175.3153003
0.986101318,175.2150762
0.986399098,175.226767
0.989081438,175.342298
0.984612423,175.1577057
0.98878133,175.3285208
0.984314644,175.146257
0.984016865,175.1348446
0.983719086,175.123482
0.983419472,175.1126399
0.983122944,175.1008
0.982827,175.0907094
0.98252797,175.0796303
0.982230191,175.0691597
0.981932412,175.0588629
0.981634633,175.0488958
0.981336854,175.0391997
0.981039075,175.0299709
0.980741296,175.0210769
0.980443517,175.0127991
0.980145738,175.0049175
0.979847959,174.9977405
0.97955018,174.9910154
0.979252401,174.9851279
0.978954622,174.9797797
0.978656842,174.9753682
0.978359063,174.9716322
0.978061284,174.9689458
0.977763505,174.9670058
0.977465726,174.9661676
0.977165088,174.9668153
0.976867482,174.9675057
0.976572563,174.9701074
0.97627461,174.9736265
0.975976831,174.9781492
0.975679052,174.9841038
0.975381273,174.9909603
0.975083494,174.9989704
0.974785715,175.0077422
0.974487936,175.0176716
0.974190157,175.0283792
0.973892378,175.0404258
0.973594599,175.0533525
0.97329682,175.0679755
0.972999041,175.0840007
0.972701262,175.1013055
0.972403483,175.1195648
0.972105704,175.1379736
0.971807925,175.1565152
0.971510146,175.1755689
0.971212367,175.1951115
0.970912536,175.2150197
0.970615302,175.2349711
0.970319575,175.2545787
0.97002125,175.2744292
0.969723471,175.2942593
0.969425692,175.3142016
0.969127913,175.3342706
0.968830134,175.354476
0.968532355,175.3746913
0.968234576,175.3948978
0.967936797,175.4149733
0.967639018,175.4348039
0.967341239,175.454314
0.96704346,175.4734
0.966745681,175.4919594
0.966447902,175.5099814
0.966150123,175.5273651
0.965852344,175.5441194
0.965554565,175.5602264
0.965256786,175.5757115
0.964959007,175.5905355
0.964661228,175.6047865
0.964362649,175.6183276
0.964068263,175.6316138
0.963771284,175.6435681
0.963470111,175.6558022
0.963172332,175.6670173
0.962874553,175.6776786
0.962576774,175.6877388
0.962278995,175.6972102
0.961981216,175.7060746
0.961683437,175.7142267
0.961385658,175.7216147
0.961087879,175.7280101
0.9607901,175.7332975
0.960492321,175.7374305
0.960194542,175.7404674
0.959896763,175.7423595
0.959598984,175.7431512
0.959301205,175.7427994
0.959003426,175.7417893
0.958705647,175.7398518
0.958407868,175.7367592
0.958107944,175.7326771
0.957812479,175.7276133
0.957516846,175.7224395
0.957216752,175.7165748
0.956918973,175.7107689
0.956621194,175.705301
0.956323415,175.7001487
0.956025636,175.6957279
0.955727856,175.6919376
0.955430077,175.6892894
0.955132298,175.6875772
0.954834519,175.6871274
0.95453674,175.6875456
0.954238961,175.6885436
0.953941182,175.6901278
0.953643403,175.6920027
0.953345624,175.6942844
0.953047845,175.6967893
0.952750066,175.6994151
0.952452287,175.7021378
0.952154508,175.7046801
0.95185488,175.7072925
0.951558337,175.7091321
0.951262408,175.7114222
0.950963392,175.7131358
0.950665613,175.7149907
0.950367834,175.7168843
0.950070055,175.7192248
0.949772276,175.7220388
0.949474497,175.7258579
0.949176718,175.730663
0.948878939,175.7370329
0.94858116,175.7451833
0.948283381,175.7546199
0.947985601,175.7666696
0.947687822,175.7802939
0.947390043,175.7963305
0.947092264,175.8136262
0.946794485,175.8317667
0.946496706,175.8506388
0.946198927,175.8698197
0.945901148,175.8898813
0.945600496,175.9109727
0.945302876,175.9325976
0.94500797,175.9542515
0.944710032,175.9766024
0.944412253,175.9992208
0.944114474,176.0221276
0.943816695,176.0451659
0.943518916,176.0682544
0.943221137,176.0912638
0.942923358,176.1140121
0.942625579,176.136394
0.9423278,176.1582245
0.942030021,176.1793532
0.941732242,176.1995328
0.941434463,176.2185773
0.941136684,176.2362267
0.940838905,176.2523862
0.940541126,176.2668307
0.940243346,176.2795993
0.939945567,176.2905161
0.939647788,176.2996937
0.939347946,176.3066576
0.939050693,176.3120395
0.938754978,176.3147954
0.938456672,176.315897
0.938158893,176.3153041
0.937861114,176.3131554
0.937563335,176.310025
0.937265556,176.3051853
0.936967777,176.2996677
0.936669998,176.2932832
0.936372219,176.2854544
1.263035825,166.9215762
1.263333604,166.9179398
1.262738046,166.9267561
1.263631383,166.915286
1.265120278,166.9216414
1.265418058,166.9262738
1.274946987,167.0533793
1.275244766,167.0558009
1.262440267,166.932797
1.263929162,166.9141945
1.264822499,166.9178614
1.265715837,166.9320496
1.279115893,167.1153374
1.279415674,167.1180208
1.274649208,167.0514348
1.275542545,167.0588582
1.261246416,166.9686577
1.26154693,166.9579339
1.261844709,166.9483985
1.262142488,166.9402015
1.264226941,166.9140248
1.26452472,166.9155217
1.266013616,166.9386249
1.268395848,167.0068396
1.268693627,167.0147346
1.278818114,167.1120182
1.279712835,167.119758
1.274351429,167.0500848
1.275840324,167.0625271
1.266311395,166.946036
1.268098069,166.9983693
1.268991406,167.0219364
1.278520335,167.1081454
1.280008613,167.1208361
1.27405365,167.049079
1.276138103,167.066762
1.271373638,167.0495441
1.271075859,167.0487664
1.266609174,166.954044
1.26780029,166.9894881
1.269289185,167.0283783
1.278222556,167.1036276
1.28030701,167.1208855
1.282391463,167.1017594
1.282689242,167.0975725
1.273753908,167.0487823
1.276435882,167.071519
1.271671417,167.0498347
1.27077808,167.0474036
1.266908335,166.9628079
1.269586964,167.0339088
1.2675008,166.980649
1.277924777,167.0986225
1.280604789,167.1200449
1.282093684,167.1057792
1.282987021,167.0932887
1.273458589,167.0481104
1.276733661,167.0767381
1.277626998,167.0933369
1.271969196,167.0497779
1.270480301,167.0452799
1.270182522,167.0423761
1.267204403,166.9711348
1.269884743,167.0386133
1.280902568,167.1183785
1.281795905,167.1095436
1.2832848,167.0889729
1.273162773,167.0486364
1.27703144,167.0821796
1.277329219,167.0877906
1.272564754,167.0491193
1.272266975,167.0495008
1.281200347,167.1159744
1.281498126,167.1130035
1.283582579,167.0846517
1.284773695,167.0682059
1.285071474,167.064449
1.286558442,167.0509111
1.28626139,167.0523913
1.288049265,167.0495412
1.287751486,167.0484525
1.272862534,167.0486992
1.283880358,167.08036
1.284475916,167.072066
1.285369253,167.0610288
1.285965538,167.0551784
1.286858148,167.0491001
1.288347044,167.0513534
1.287453706,167.0480519
1.290133718,167.0805085
1.284178137,167.0761936
1.285667032,167.0578538
1.287155927,167.0483801
1.288644823,167.053962
1.289835939,167.0733537
1.290431497,167.0888405
1.288942602,167.0574127
1.28953816,167.0670486
1.290729276,167.0981195
1.289240381,167.0618054
1.291027055,167.1085172
1.291324834,167.1198087
1.291622613,167.1321215
1.291920392,167.1453152
1.292218491,167.1595333
1.292513548,167.1735604
1.292811009,167.1899806
1.293111508,167.2057326
1.293409287,167.2226693
1.293707066,167.2401158
1.294004845,167.2581564
1.294302624,167.2767057
1.294600403,167.2957815
1.294898182,167.3153439
1.295195962,167.3352486
1.295493741,167.3554872
1.29579152,167.3756538
1.296089299,167.3954107
1.296387078,167.4143987
1.296684857,167.432366
1.296982636,167.4491352
1.297280415,167.4644526
1.297578194,167.477882
1.297875973,167.4901132
1.298173752,167.5008262
1.298472928,167.5088793
1.29876901,167.51618
1.299065392,167.5212222
1.299364868,167.5256609
1.299662647,167.5275527
1.299960426,167.5278946
1.300258205,167.5260756
1.300555984,167.5224737
1.300853763,167.5172452
1.301151542,167.5105508
1.301449321,167.5024873
1.3017471,167.493094
1.302044879,167.4824325
1.302342658,167.4705847
1.302640438,167.4575061
1.302938217,167.4433411
1.303235996,167.4280395
1.303533775,167.4116363
1.303831554,167.394173
1.304129333,167.3756887
1.304427112,167.3564048
1.304727366,167.3355513
1.3050232,167.315839
1.305318504,167.2933273
1.305618228,167.2714995
1.305916007,167.24843
1.306213786,167.224855
1.306511565,167.200619
1.306809344,167.175803
1.307107123,167.1504577
1.307404902,167.124721
1.307702681,167.0986737
1.30800046,167.0723541
1.308298239,167.0458824
1.308596018,167.0192688
1.308893797,166.9926403
1.309191576,166.9659848
1.309489355,166.9394315
1.309787134,166.9130014
1.310084914,166.8866862
1.310382693,166.8605842
1.310680472,166.834814
1.310980265,166.8089694
1.311277444,166.7843504
1.311573209,166.7597333
1.311871588,166.7358942
1.312169367,166.7126841
1.312467146,166.6902498
1.312764925,166.6686207
1.313062704,166.6479711
1.313360483,166.6282503
1.313658262,166.609535
1.313956041,166.5917229
1.31425382,166.5750706
1.314551599,166.5595125
1.314849378,166.5448898
1.315147157,166.5320875
1.315444936,166.5198798
1.315742715,166.5091186
1.316040494,166.4989492
1.316338273,166.4906566
1.316636052,166.4834575
1.316933831,166.4778019
1.31723161,166.473751
1.317530135,166.4706717
1.317824476,166.4686392
1.318121511,166.4674629
1.318422727,166.466882
1.318720506,166.4667132
1.319018285,166.4668217
1.319316064,166.4669375
1.319613843,166.4675787
1.319911622,166.4676922
1.320209401,166.4676067
1.32050718,166.466845
1.320804959,166.4657179
1.321102738,166.4639433
1.321400517,166.4613633
1.321698296,166.4578706
1.321996075,166.4533473
1.322293854,166.4477732
1.322591633,166.4411168
1.322889412,166.4334171
1.323187191,166.4246449
1.32348497,166.4148557
1.323783083,166.4038928
1.324078155,166.3924518
1.324375601,166.3792244
1.324676086,166.3656664
1.324973866,166.3508163
1.325271645,166.3350246
1.325569424,166.3181003
1.325867203,166.300177
1.326164982,166.2813651
1.326462761,166.2618642
1.32676054,166.2417826
1.327058319,166.2213579
1.327356098,166.2007523
1.327653877,166.180128
1.327951656,166.1597369
1.328249435,166.1400433
1.328547214,166.1203705
1.328844993,166.1004488
1.329142772,166.0806633
1.329440551,166.0607072
1.32973833,166.041852
1.330037521,166.0242078
1.330333617,166.0076591
1.330629985,165.9939168
1.330929446,165.9806077
1.331227225,165.9701647
1.331525004,165.9612863
1.331822783,165.9546853
1.332120562,165.9502865
1.332418342,165.947871
1.332716121,165.9480617
1.3330139,165.9501952
1.333311679,165.9549772
1.333609458,165.9617409
1.333907237,165.9711612
1.334205016,165.9825703
1.334502795,165.9962055
1.334800574,166.0117178
1.335098353,166.0291937
1.335396132,166.048316
1.335693911,166.0690365
1.33599169,166.0909543
1.336291959,166.1151373
1.336587811,166.1375954
1.336883101,166.1639442
1.337182806,166.1890242
1.260948942,166.9803256
1.260653898,166.9932497
1.260355814,167.0074238
1.260058035,167.0222432
1.259760256,167.0376125
1.259462477,167.0535153
1.259164698,167.0692862
1.258866919,167.0855516
1.25856914,167.1017414
1.258271361,167.1177692
1.251720222,167.4363395
1.252018001,167.4197845
1.257973582,167.1336008
1.251422443,167.4529095
1.25231578,167.4032828
1.254993851,167.2704795
1.25529357,167.2576801
1.257675802,167.1491101
1.241297955,168.0028383
1.24159818,167.9739082
1.251124664,167.469277
1.252613559,167.3869726
1.254696781,167.283725
1.255591349,167.2449871
1.257378023,167.1641756
1.241000176,168.0325637
1.241893978,167.9474734
1.250826885,167.4854028
1.252911338,167.3709243
1.254400942,167.2969204
1.255889128,167.2322952
1.24904021,167.5724003
1.249337989,167.5591205
1.257080244,167.1787287
1.243977967,167.7989769
1.243680188,167.8163577
1.240702397,168.0634955
1.242189312,167.9215978
1.250529106,167.5011678
1.253209117,167.3552437
1.254102454,167.3108579
1.256186907,167.2194249
1.248742431,167.5852449
1.249635768,167.5454458
1.256782465,167.1927798
1.246657978,167.6706525
1.246955757,167.6582966
1.244275746,167.7826873
1.243382409,167.8346278
1.242489071,167.8976672
1.240404618,168.095409
1.256484686,167.2062733
1.250231326,167.5164252
1.253506896,167.3399952
1.253804675,167.3251857
1.248444016,167.5976698
1.249933547,167.531213
1.247851084,167.6219118
1.248148226,167.6100975
1.246360199,167.6832668
1.247253536,167.6461252
1.237426828,168.4213562
1.237129049,168.4501717
1.244573525,167.7669588
1.24308463,167.854258
1.24278685,167.8751605
1.240106839,168.1280976
1.247551315,167.6341416
1.24606242,167.6962685
1.237724607,168.3914174
1.23683127,168.4777403
1.235343742,168.5929148
1.235044595,168.6116137
1.239213502,168.2288991
1.239511281,168.1951025
1.244871304,167.751993
1.23980906,168.1614016
1.245764641,167.7095356
1.238022386,168.3604504
1.236533491,168.5039338
1.235639797,168.5739248
1.234746816,168.6282896
1.238915723,168.2625565
1.245169083,167.7373528
1.23057791,168.6812632
1.230280131,168.670959
1.232364584,168.7025944
1.232662363,168.6994608
1.245466862,167.7233274
1.238320165,168.3285614
1.236235712,168.5287902
1.235936208,168.5514922
1.234449037,168.6434082
1.238617944,168.2958633
1.230875689,168.6896182
1.229982352,168.6595121
1.232066805,168.7038534
1.232960142,168.6944654
1.234151258,168.6569451
1.229384335,168.6322284
1.229681824,168.6465575
1.231173468,168.6965031
1.231769026,168.7032605
1.233257921,168.6876573
1.233853479,168.6688705
1.229089305,168.6166081
1.231471247,168.700573
1.2335557,168.6791168
1.228791236,168.5997056
1.228493457,168.5823653
1.228195678,168.5649831
1.227897899,168.5481255
1.227600119,168.5319682
1.22730234,168.5167707
1.227004561,168.5025505
1.226706782,168.4892112
1.226409003,168.4767076
1.226111224,168.4650654
1.225813445,168.4542902
1.225515666,168.4444715
1.225217887,168.435663
1.224920108,168.4280079
1.224622329,168.4214189
1.22432455,168.4160895
1.224026771,168.4119217
1.223728992,168.4091431
1.223429261,168.4082096
1.223132172,168.4073832
1.222836346,168.4093239
1.222537876,168.4119249
1.222240097,168.4163543
1.221942318,168.4220399
1.221644539,168.4292812
1.22134676,168.4377765
1.221048981,168.4474839
1.220751202,168.4585264
1.220453423,168.4703156
1.220155643,168.4831848
1.219857864,168.4967512
1.219560085,168.5110682
1.219262306,168.5259339
1.218964527,168.5410411
1.218666748,168.555702
1.218368969,168.5699594
1.21807119,168.5836331
1.217773411,168.5962259
1.217475632,168.6074001
1.217177853,168.6168562
1.21687942,168.6245897
1.216583618,168.6306687
1.216286493,168.6348374
1.215986737,168.6374857
1.215688958,168.6381032
1.215391179,168.6374275
1.2150934,168.6346173
1.214795621,168.6307555
1.214497842,168.6257438
1.214200063,168.6194624
1.213902284,168.6121721
1.213604505,168.6040573
1.213306726,168.5953968
1.213008947,168.5863901
1.212711167,168.5771612
1.212413388,168.5680334
1.212115609,168.5589322
1.21181783,168.5502733
1.211520051,168.5419955
1.211222272,168.534357
1.210924493,168.5270673
1.210624715,168.5208331
1.210329367,168.5142579
1.210033588,168.5101074
1.209733377,168.5057517
1.209435598,168.5031654
1.209137819,168.5014266
1.20884004,168.5013312
1.208542261,168.5021392
1.208244482,168.5047817
1.207946703,168.5083156
1.207648924,168.5138195
1.207351145,168.5202715
1.207053366,168.5286736
1.206755587,168.5380983
1.206457808,168.5496976
1.206160029,168.5623431
1.20586225,168.577266
1.205564471,168.5928994
1.205266691,168.610105
1.204968912,168.6274565
1.204671133,168.6461352
1.204371616,168.6656186
1.20407519,168.6862508
1.20377915,168.7081418
1.203480017,168.7309745
1.203182238,168.7546665
1.202884459,168.7791899
1.20258668,168.8047231
1.202288901,168.8312042
1.201991122,168.8587718
1.201693343,168.8872912
1.201395564,168.9168726
1.201097785,168.9472882
1.200800006,168.9786045
1.200502227,169.0106332
1.200204448,169.0434243
1.199906669,169.0767698
1.19960889,169.11059
1.199311111,169.1447234
1.199013332,169.1791921
1.198715553,169.2140478
1.198417774,169.2495153
1.198117232,169.2851983
1.197819729,169.3226574
1.197524712,169.3589903
1.197226657,169.3972991
1.196928878,169.4362344
1.196631099,169.4759048
1.19633332,169.5163218
1.196035541,169.5572979
1.195737762,169.5988025
1.195439983,169.6407425
1.195142204,169.6829779
1.194844425,169.7254048
1.194546646,169.767927
1.194248867,169.8104058
1.193951088,169.8527673
1.193653309,169.8949342
1.19335553,169.936809
1.193057751,169.9783451
1.192759972,170.0194678
1.192462193,170.0600726
1.192164414,170.1002161
1.19186467,170.1389148
1.191567563,170.1781633
1.191271749,170.2137361
1.190973298,170.2494645
1.190675519,170.2830583
1.190377739,170.3147486
1.19007996,170.3444086
1.189782181,170.3719073
1.189484402,170.3970936
1.189186623,170.4198524
1.188888844,170.4398468
1.188591065,170.4570738
1.188293286,170.4712868
1.187995507,170.4824276
1.187697728,170.4903561
1.187399949,170.4952167
1.18710217,170.4971126
1.186804391,170.4963218
1.186506612,170.4922799
1.186208833,170.4860705
1.185911054,170.4759512
1.185613275,170.463902
1.185314823,170.4487391
1.185019009,170.4332637
1.184721903,170.4158215
1.184422159,170.3983767
1.18412438,170.3796852
1.183826601,170.3602974
1.183528822,170.3407475
1.183231043,170.3216836
1.182933264,170.3036998
1.182635484,170.2872008
1.182337705,170.272432
1.182039926,170.2592171
1.095088447,172.1361921
1.095386226,172.1235372
1.095684005,172.1110571
1.095981784,172.0984507
1.096279563,172.0862563
1.09657796,172.0744374
1.096873737,172.0632588
1.097170898,172.0527464
1.097470679,172.0426183
1.097768458,172.0331549
1.098066237,172.0245358
1.098364016,172.0164462
1.098661795,172.0093299
1.098959574,172.0027242
1.099257353,171.9970886
1.099555132,171.9919537
1.099852911,171.9877151
1.10015069,171.9840056
1.10044847,171.9812417
1.100746249,171.9790649
1.101044028,171.9779253
1.101341807,171.9774185
1.101639586,171.9779906
1.101937365,171.979287
1.102235144,171.9817161
1.102532923,171.9849414
1.102830934,171.9895239
1.103125909,171.9942225
1.103423456,172.0014143
1.103724039,172.00806
1.104021818,172.016056
1.104319597,172.0248769
1.104617376,172.0344866
1.104915155,172.0449676
1.105212934,172.0562547
1.105510713,172.0684686
1.105808492,172.0814135
1.573023806,162.2892965
1.573321585,162.2944625
1.573619364,162.2994554
1.573917143,162.3041774
1.574214922,162.3083264
1.574512701,162.3115269
1.57481048,162.3133721
1.575108259,162.3140678
1.587019421,161.545074
1.586721642,161.5683559
1.575406038,162.3134251
1.5873172,161.5227308
1.586423863,161.5923493
1.575703817,162.311529
1.587614979,161.5012223
1.586126084,161.6172239
1.591486107,161.2968555
1.591188328,161.3074083
1.576001596,162.3084649
1.587912758,161.4809166
1.585828305,161.6428766
1.591783886,161.2876979
1.590890548,161.3189835
1.576299826,162.3041742
1.588210537,161.4612652
1.585530526,161.6692527
1.592081665,161.279423
1.590592769,161.3319966
1.576595008,162.2994681
1.578681608,162.2273742
1.578979387,162.2119196
1.588508316,161.4426446
1.585232747,161.696281
1.592379444,161.2725666
1.59029499,161.3459252
1.593868339,161.2531155
1.59357056,161.255063
1.59654835,161.2505232
1.596846129,161.2513428
1.576892337,162.292461
1.582554264,161.9466885
1.58285047,161.9206059
1.578383829,162.241604
1.579277166,162.1952111
1.588808702,161.4244346
1.584934968,161.723798
1.592677223,161.266441
1.589997211,161.3607834
1.593272781,161.2577594
1.594166118,161.2519014
1.592975002,161.2617947
1.596250571,161.2504104
1.597143908,161.2527395
1.601609982,161.4958704
1.601904153,161.5269042
1.577192713,162.2853901
1.582254956,161.9737664
1.583146721,161.892341
1.57808605,162.2544945
1.579574945,162.1773471
1.589104699,161.4076258
1.584637189,161.7517045
1.589699432,161.3757673
1.594463897,161.2513818
1.595952792,161.2504456
1.597441687,161.2552669
1.601312815,161.4650119
1.602202545,161.5624666
1.577490492,162.2763154
1.581957177,161.99955
1.583446072,161.8646945
1.577788271,162.2660821
1.579872724,162.1583591
1.58433941,161.7798552
1.589399872,161.3916767
1.599228362,161.3045528
1.599526141,161.3203495
1.594761676,161.251001
1.595654577,161.2508703
1.597739466,161.2588149
1.602503931,161.5964897
1.601015036,161.4356939
1.581659398,162.0247148
1.583743851,161.8364794
1.580170503,162.1384166
1.584041631,161.8081439
1.598930583,161.291069
1.59982392,161.3388561
1.595061581,161.2511637
1.595358924,161.2503293
1.598037245,161.26414
1.60280171,161.6323746
1.600717257,161.4084112
1.581361619,162.0491229
1.580468282,162.1174458
1.598632804,161.2800818
1.600121699,161.3598118
1.598335024,161.2709541
1.603099489,161.6686306
1.600419478,161.3830174
1.58106384,162.0727808
1.580766061,162.0955524
1.603397268,161.7049919
1.604290605,161.8126606
1.603695047,161.7413265
1.603992826,161.7773062
1.604588384,161.8472844
1.604886163,161.880915
1.605183942,161.9136984
1.605481721,161.9453382
1.6057795,161.9759807
1.60607728,162.0053082
1.606375059,162.0334748
1.606672838,162.060277
1.606970617,162.0861131
1.607268396,162.1108917
1.607566175,162.1349273
1.607864419,162.1582246
1.608159615,162.1802002
1.60845693,162.2019498
1.608757291,162.2222564
1.60905507,162.2413575
1.609352849,162.2590245
1.609650628,162.275321
1.609948407,162.2901287
1.610246186,162.3033363
1.610543965,162.3149591
1.610841744,162.3252668
1.611139523,162.3337493
1.611437302,162.3411877
1.611735081,162.3461675
1.61203286,162.3505625
1.612330639,162.3539353
1.612628418,162.3564989
1.612926197,162.3582906
1.613223976,162.3593714
1.613521756,162.3595529
1.613819535,162.3585015
1.614118856,162.3565752
1.614415077,162.3544302
1.614711313,162.3505746
1.615010651,162.3468307
1.61530843,162.3421932
1.615606209,162.3370172
1.615903988,162.3313189
1.616201767,162.3250099
1.616499546,162.3180779
1.616797325,162.3103498
1.617095104,162.3018626
1.617392883,162.2925373
1.617690662,162.2823967
1.617988441,162.271306
1.61828622,162.2591192
1.618583999,162.2457356
1.618881778,162.2309743
1.619179557,162.2148341
1.619477336,162.1972958
1.619775115,162.1784692
1.620072894,162.158416
1.620373294,162.1361481
1.62066931,162.1150123
1.620964469,162.090156
1.621264011,162.0656949
1.62156179,162.0397641
1.621859569,162.0131174
1.622157348,161.9858433
1.622455127,161.9582581
1.622752906,161.930369
1.623050685,161.9024075
1.623348464,161.8744533
1.623646243,161.8466268
1.623944022,161.8190452
1.624241801,161.7918004
1.62453958,161.7649953
1.624837359,161.7386662
1.625135138,161.7128935
1.625432917,161.6878718
1.625730696,161.663476
1.626028475,161.6397864
1.626326254,161.616982
1.626626172,161.5943866
1.626923532,161.573585
1.627219173,161.5528496
1.62751737,161.5331366
1.627815149,161.5140564
1.628112929,161.495675
1.628410708,161.4778659
1.628708487,161.460586
1.629006266,161.4437503
1.629304045,161.4273821
1.629601824,161.411337
1.629899603,161.3956886
1.630197382,161.3801648
1.630495161,161.3649424
1.63079294,161.3498678
1.631090719,161.3349315
1.631388498,161.3201304
1.631686277,161.3054085
1.631984056,161.2906915
1.632281835,161.2759888
1.632579614,161.2613032
1.632877393,161.2464985
1.633174574,161.2317153
1.63346876,161.2171268
1.633767137,161.2018792
1.634068509,161.1869172
1.634366288,161.171878
1.634664067,161.1568346
1.634961846,161.1418412
1.635259626,161.1270157
1.635557405,161.1122604
1.635855184,161.0978589
1.636152963,161.0836855
1.636450742,161.0700524
1.636748521,161.0570605
1.6370463,161.0441376
1.637344079,161.0311778
1.637641858,161.0184375
1.637939637,161.006106
1.638237416,160.9949097
1.638535195,160.9847343
1.638832974,160.9758779
1.639130753,160.9677451
1.639429012,160.9606514
1.639724222,160.9539087
1.640021522,160.9487286
1.640321869,160.9432913
1.640619648,160.9394705
1.640917427,160.9362911
1.641215206,160.9344212
1.641512985,160.9332769
1.641810764,160.9330839
1.642108543,160.9339856
1.642406322,160.9356629
1.642704102,160.9383328
1.643001881,160.9417091
1.64329966,160.9460625
1.643597439,160.9509134
1.643895218,160.9567712
1.644192997,160.9630669
1.644490776,160.9701739
1.644788555,160.9778326
1.645086334,160.9860715
1.645384113,160.9946546
1.645683449,161.0041811
1.645979683,161.0129526
1.646275906,161.023576
1.646575229,161.0334872
1.646873008,161.0441177
1.647170787,161.0549747
1.647468566,161.0661454
1.647766345,161.0776181
1.648064124,161.0893774
1.648361903,161.1013794
1.648659682,161.1136001
1.648957461,161.1259694
1.64925524,161.1385184
1.649553019,161.151095
1.649850798,161.1636131
1.650148578,161.175902
1.650446357,161.1878835
1.650744136,161.1993953
1.651041915,161.2105523
1.651339694,161.221184
1.651637473,161.2313532
1.651937887,161.2411379
1.572726027,162.2838002
1.572428248,162.276888
1.567663783,162.0805966
1.567961562,162.0970427
1.571237132,162.2433244
1.572130469,162.2695412
1.571534911,162.2527138
1.567366004,162.0639337
1.568259341,162.1132896
1.570939353,162.2335267
1.57183269,162.2615235
1.567068225,162.0472274
1.56855712,162.1291844
1.570637953,162.2231876
1.566770446,162.0305249
1.568854899,162.1446871
1.570339547,162.2117394
1.566472667,162.0138684
1.569152679,162.1596428
1.570045389,162.2001854
1.566174888,161.9973351
1.569450458,162.1739196
1.569748237,162.1874981
1.55932597,161.8852895
1.559623749,161.8752572
1.563794315,161.8832587
1.56349699,161.8741952
1.565877109,161.9810019
1.559028191,161.8967895
1.559921528,161.8668159
1.563197098,161.8650591
1.56408998,161.8950072
1.56557933,161.964988
1.550690378,162.4545963
1.550392599,162.4753678
1.553668168,162.2383592
1.553965947,162.2162465
1.558730412,161.9092956
1.560219307,161.8594815
1.561708203,161.8436624
1.562005982,161.8447049
1.564388214,161.906925
1.562899319,161.8578843
1.565281551,161.9493649
1.550989671,162.4332662
1.55009482,162.4960775
1.553370389,162.2605529
1.55634818,162.0445707
1.556050401,162.0648127
1.554263726,162.1940986
1.560517086,161.8536442
1.558432633,161.9234684
1.562303761,161.8476576
1.561410423,161.8438004
1.564685993,161.9202704
1.56260154,161.8518935
1.564983772,161.9344192
1.547414809,162.6802542
1.551285863,162.4128354
1.549797041,162.5167067
1.547712588,162.659916
1.55307261,162.2826732
1.556645959,162.024794
1.555752622,162.0856823
1.554561506,162.172165
1.558134854,161.9383605
1.560814865,161.8489187
1.561112644,161.8458052
1.54711703,162.7005146
1.551582129,162.3910787
1.549499262,162.537303
1.548010367,162.6395424
1.552774831,162.3046797
1.556943738,162.0062681
1.555454843,162.1069521
1.554859285,162.1502963
1.557835276,161.954745
1.54681925,162.7206676
1.552477052,162.3265439
1.551881494,162.3698695
1.549201483,162.557777
1.552179273,162.3482656
1.548308146,162.6190954
1.557244109,161.9882552
1.555157064,162.1285528
1.557540088,161.9708241
1.546521471,162.7407505
1.548903704,162.578281
1.548605925,162.5986709
1.546223692,162.7606494
1.545925913,162.7804204
1.545628134,162.8000542
1.545327745,162.8190411
1.545030402,162.8387579
1.544735233,162.8567158
1.544437018,162.8752008
1.544139239,162.8929715
1.54384146,162.9102249
1.543543681,162.9268626
1.543245902,162.9428445
1.542948123,162.9581173
1.542650344,162.9727247
1.542352565,162.9866086
1.542054786,162.9997797
1.541757007,163.0124294
1.541459228,163.0244513
1.541161449,163.0360203
1.54086367,163.0472157
1.540565891,163.0580959
1.540268112,163.0687022
1.539970333,163.0793104
1.539672554,163.0898416
1.539374774,163.1005572
1.539073361,163.1110172
1.53877494,163.1224234
1.538480796,163.1331504
1.538183658,163.1443421
1.537885879,163.1557307
1.5375881,163.1672208
1.537290321,163.1787341
1.536992542,163.1902882
1.536694763,163.2017413
1.536396984,163.2131075
1.536099205,163.2242623
1.535801426,163.235217
1.535503647,163.2459142
1.535205868,163.2561918
1.534908089,163.2661771
1.53461031,163.2756814
1.534312531,163.2847049
1.534014752,163.2931628
1.533716973,163.3010541
1.533419194,163.3082726
1.533121415,163.3148427
1.532823636,163.3206595
1.532525384,163.3257416
1.532229706,163.3302095
1.5319324,163.3334417
1.531632519,163.3361296
1.53133474,163.3379275
1.531036961,163.3389056
1.530739182,163.339374
1.530441403,163.3393491
1.530143624,163.3389393
1.529845845,163.3378804
1.529548066,163.3370016
1.529250287,163.3363849
1.528952508,163.335941
1.528654729,163.3358216
1.52835695,163.3363016
1.528059171,163.3371319
1.527761392,163.3388751
1.527463613,163.341078
1.527165834,163.3442865
1.526868055,163.348341
1.526570276,163.3530056
1.526270679,163.3589007
1.525975477,163.3652771
1.525679516,163.372582
1.52537916,163.3805701
1.525081381,163.3889376
1.524783602,163.397784
1.524485822,163.4071517
1.524188043,163.4168943
1.523890264,163.427218
1.523592485,163.4381523
1.523294706,163.4495119
1.522996927,163.4612888
1.522699148,163.4734314
1.522401369,163.4859301
1.52210359,163.4987101
1.521805811,163.5117628
1.521508032,163.5250758
1.521210253,163.5385512
1.520912474,163.5522597
1.520614695,163.5660076
1.520316916,163.5798306
1.520017537,163.5934521
1.519721257,163.6071739
1.519425078,163.6198442
1.5191258,163.6325509
1.518828021,163.6442341
1.518530242,163.6549548
1.518232463,163.6645457
1.517934684,163.6728953
1.517636905,163.6799052
1.517339125,163.6854565
1.517041346,163.6895274
1.516743567,163.6919496
1.516445788,163.6925399
1.516148009,163.6919999
1.51585023,163.6901417
1.515552451,163.6876514
1.515254672,163.6845616
1.514956893,163.6808876
1.514659114,163.6760563
1.514361335,163.6709912
1.514063556,163.665379
1.513763153,163.6590165
1.513465795,163.6521551
1.51317064,163.6454605
1.51287244,163.6383574
1.512574661,163.6313801
1.512276882,163.6243833
1.511979103,163.6177762
1.511681324,163.6114154
1.511383545,163.6054521
1.511085766,163.5998641
1.510787987,163.5948486
1.510490208,163.5902726
1.510192429,163.5864183
1.509894649,163.5830802
1.50959687,163.5805208
1.509299091,163.5785368
1.509001312,163.577425
1.508703533,163.5770138
1.508405754,163.5771347
1.508107975,163.5784292
1.507810196,163.5801021
1.507508769,163.5832608
1.507210333,163.5861993
1.506916203,163.5907284
1.50661908,163.5958136
1.506321301,163.6022713
1.506023522,163.6098112
1.505725743,163.6191772
1.505427964,163.6297678
1.505130185,163.6416659
1.504832406,163.6540737
1.504534627,163.6675595
1.504236848,163.6816528
1.503939069,163.6974065
1.50364129,163.7137011
1.503343511,163.7310738
1.503045732,163.7493853
1.502747953,163.7685251
1.502450173,163.7887033
1.502152394,163.8095302
1.501854615,163.8311357
1.501556836,163.8532135
1.501259057,163.8758946
1.500960788,163.8988637
1.500665097,163.9223516
1.500367809,163.9454421
1.500067941,163.9692237
1.499770162,163.9924201
1.499472383,164.0154515
1.499174604,164.0380531
1.498876825,164.0602694
1.498579046,164.0818941
1.498281267,164.1029273
1.497983488,164.1234082
1.497685709,164.1432938
1.49738793,164.1625954
1.497090151,164.181287
1.496792372,164.1993493
1.496494593,164.2167211
1.496196814,164.233299
1.495899035,164.249044
1.495601256,164.2639188
1.495303477,164.2778698
1.495005697,164.2910077
1.494706083,164.3027905
1.494410866,164.3147721
1.494114923,164.324268
1.493814581,164.3342656
1.493516802,164.3427813
1.493219023,164.3504421
1.492921244,164.3570864
1.492623465,164.3626964
1.492325686,164.3670441
1.492027907,164.3700503
1.491730128,164.3717533
1.491432349,164.3719021
1.49113457,164.3707048
1.490836791,164.3681988
1.490539012,164.3645802
1.490241233,164.3600926
1.489943454,164.3544309
1.489645675,164.3478331
1.339565038,166.3903414
1.339267259,166.36675
1.339862818,166.4132
1.33896948,166.3425099
1.346116177,166.6762712
1.346413956,166.6774729
1.340160597,166.4354308
1.338671701,166.3176759
1.343137805,166.6128814
1.343436166,166.6247847
1.345818398,166.6747505
1.346711735,166.6779352
1.340458376,166.4568204
1.338373922,166.2924124
1.342842053,166.5995609
1.343733945,166.635275
1.345520619,166.6720325
1.347009514,166.6779119
1.340756155,166.477607
1.338076143,166.266844
1.342544856,166.5852539
1.344031724,166.6444803
1.347307294,166.6773904
1.34522284,166.6684616
1.341053934,166.4974256
1.337778364,166.2409849
1.34224505,166.5693111
1.344329503,166.6522949
1.347605073,166.6763026
1.344925061,166.6642377
1.341351713,166.5166759
1.337480585,166.2150145
1.360409571,166.3070553
1.36070735,166.3033968
1.341649492,166.5350637
1.341947271,166.5526053
1.344627282,166.6588789
1.347902852,166.6743939
1.360111792,166.3111519
1.361005129,166.2999829
1.348200631,166.6716589
1.350285084,166.6283334
1.350582863,166.6188453
1.359814013,166.315522
1.361302908,166.2969971
1.34849841,166.6680513
1.349987305,166.637068
1.350880642,166.6086907
1.361602114,166.2943722
1.359516234,166.3202834
1.363685141,166.2858588
1.36398292,166.2858837
1.348796189,166.6635067
1.349686104,166.6447607
1.351178421,166.597847
1.353262874,166.5126518
1.353560653,166.5000889
1.355049549,166.4412533
1.355347676,166.4305199
1.361898223,166.2918454
1.359218455,166.3253675
1.363387362,166.2860824
1.364280699,166.2861444
1.366662931,166.2925135
1.36696071,166.2936614
1.349094731,166.6580495
1.349389087,166.652133
1.3514762,166.5865348
1.352965095,166.5252687
1.353858432,166.4877316
1.35475177,166.4523837
1.355642762,166.4203298
1.357134002,166.3741143
1.357431781,166.3655951
1.358920676,166.3308411
1.362194577,166.2902794
1.363089583,166.2865552
1.364578478,166.2866067
1.366365152,166.2915332
1.367258489,166.2947728
1.351773979,166.5747944
1.352667316,166.5378744
1.354156211,166.475644
1.35445399,166.4638619
1.355940193,166.4105862
1.356836223,166.3829677
1.35772956,166.3575078
1.358622897,166.3367014
1.364876257,166.2871492
1.362494025,166.2885258
1.362791804,166.2874451
1.366067373,166.2905071
1.367556268,166.2959226
1.352071758,166.562687
1.352369537,166.5503786
1.356240665,166.4010627
1.358027339,166.3499708
1.356538444,166.3918987
1.358325118,166.3430876
1.365174036,166.2878951
1.365769594,166.2895826
1.367856552,166.2973456
1.365471815,166.2886855
1.368152422,166.2981797
1.368447697,166.2999729
1.368747384,166.3011187
1.369045163,166.3025221
1.369342943,166.3039002
1.369640722,166.3053203
1.369938501,166.3067326
1.37023628,166.3081164
1.370534059,166.3095249
1.370831838,166.3109117
1.371129617,166.3123579
1.371427396,166.3137895
1.371725175,166.315318
1.372022954,166.3168784
1.372320733,166.3185354
1.372618512,166.3203244
1.372916291,166.3222005
1.37321407,166.324285
1.373511849,166.3264219
1.373809628,166.3287281
1.374109446,166.3313276
1.374406662,166.3336211
1.374702402,166.336581
1.375000744,166.3393344
1.375298523,166.3422213
1.375596302,166.3452242
1.375894081,166.3482622
1.37619186,166.3513755
1.376489639,166.3544835
1.376787419,166.3576842
1.377085198,166.3609361
1.377382977,166.3641544
1.377680756,166.3673462
1.377978535,166.3704328
1.378276314,166.3732673
1.378574093,166.3759579
1.378871872,166.3783494
1.379169651,166.3804059
1.37946743,166.3820912
1.379765209,166.3833173
1.380062988,166.3841179
1.380360767,166.3844368
1.380659328,166.3843521
1.380953698,166.3837267
1.381250697,166.3829076
1.381551883,166.3815994
1.381849662,166.3800858
1.382147441,166.3782998
1.38244522,166.3763575
1.382742999,166.3743153
1.383040778,166.3722933
1.383338557,166.3702137
1.383636336,166.3683197
1.383934115,166.3665691
1.384231895,166.3651605
1.384529674,166.3639204
1.384827453,166.3626872
1.385125232,166.3613219
1.385423011,166.3596664
1.38572079,166.3576777
1.386018569,166.3553874
1.386316348,166.3527447
1.386614127,166.3497109
1.386912269,166.346265
1.387207368,166.3427033
1.387504785,166.3380526
1.387805243,166.3334931
1.388103022,166.32803
1.388400801,166.3221222
1.38869858,166.3155876
1.388996359,166.3084124
1.389294138,166.3005511
1.389591917,166.2919245
1.389889696,166.2825181
1.390187475,166.2722695
1.390485254,166.2612059
1.390783033,166.2492917
1.391080812,166.2365141
1.391378591,166.2229696
1.391676371,166.2086267
1.39197415,166.1935716
1.392271929,166.1778053
1.392569708,166.1614529
1.392867487,166.1445537
1.393166706,166.1266319
1.39346283,166.1094703
1.393759169,166.0900636
1.394058603,166.0713153
1.394356382,166.0514611
1.394654161,166.0311371
1.39495194,166.010154
1.395249719,165.9884994
1.395547498,165.9661002
1.395845277,165.9428986
1.396143056,165.918795
1.396440835,165.8937031
1.396738614,165.8675222
1.397036393,165.8402336
1.397334172,165.8116473
1.397631951,165.7819073
1.39792973,165.7508093
1.398227509,165.7183944
1.398525288,165.6847224
1.398823067,165.6498326
1.399120847,165.6140831
1.399421144,165.575971
1.399717033,165.540043
1.400012294,165.5005235
1.400311963,165.4620866
1.400609742,165.4227863
1.400907521,165.3834957
1.4012053,165.3442215
1.401503079,165.3051863
1.401800858,165.2664516
1.402098637,165.2281496
1.402396416,165.1904916
1.402694195,165.1534428
1.402991974,165.1172693
1.403289753,165.0819321
1.403587532,165.0472569
1.403885311,165.0134443
1.40418309,164.9805236
1.404480869,164.9489255
1.404778648,164.9184116
1.405076427,164.8896468
1.405374206,164.8623139
1.405674037,164.836791
1.40597127,164.8126238
1.406266998,164.7900431
1.406565323,164.769975
1.406863102,164.75061
1.407160881,164.7331211
1.40745866,164.7160455
1.407756439,164.7014609
1.408054218,164.6884586
1.408351997,164.6774198
1.408649776,164.6686008
1.408947555,164.6610659
1.409245334,164.6553551
1.409543113,164.6508906
1.409840892,164.6483814
1.410138671,164.6470185
1.41043645,164.6476894
1.410734229,164.6493746
1.411032008,164.652981
1.411329787,164.6576363
1.411627566,164.6637832
1.411925345,164.6710161
1.412222425,164.6794072
1.412516513,164.6880794
1.412814992,164.6992741
1.413116461,164.7095162
1.41341424,164.7212032
1.413712019,164.7332948
1.414009799,164.7457005
1.414307578,164.7584514
1.414605357,164.7713054
1.414903136,164.7843849
1.415200915,164.7973796
1.415498694,164.810416
1.415796473,164.8232916
1.416094252,164.8361662
1.416392031,164.8488683
1.41668981,164.8615688
1.416987589,164.8740511
1.417285368,164.8865735
1.417583147,164.8989435
1.417880926,164.9113338
1.418178705,164.9236101
1.418476862,164.9359784
1.418771975,164.9475214
1.419069377,164.9602881
1.419369821,164.9720031
1.4196676,164.9839734
1.419965379,164.9958027
1.486965663,164.2426716
1.487263442,164.2569316
1.489050117,164.3299605
1.489347896,164.3392249
1.478032292,164.0729048
1.477734513,164.089876
1.485178989,164.1513619
1.48488121,164.1361339
1.486667884,164.2280869
1.487561221,164.2706066
1.488752338,164.3197493
1.478330071,164.0569508
1.477436734,164.108574
1.480712304,164.0032651
1.480414524,164.0036008
1.485476768,164.1667538
1.484583431,164.1212652
1.486370105,164.2131477
1.487860485,164.2839748
1.488452945,164.3084156
1.47862785,164.0432557
1.477138955,164.1280369
1.481010083,164.0048699
1.480116745,164.0052594
1.482796757,164.0437338
1.483094536,164.0545787
1.485774547,164.1823218
1.484285652,164.106706
1.486072326,164.197813
1.48815665,164.2963598
1.466716689,164.8994244
1.467014468,164.8977724
1.478925629,164.0312969
1.476841176,164.1500395
1.481307862,164.0077504
1.479818966,164.0090938
1.482498978,164.0338503
1.483392315,164.0664417
1.483987873,164.0926618
1.469992258,164.7958321
1.469694479,164.8135604
1.46641891,164.8998636
1.467312247,164.8946271
1.476543397,164.1736484
1.479223408,164.0221497
1.481606047,164.0124927
1.479521187,164.0144843
1.482198561,164.025909
1.483690094,164.0791547
1.474458944,164.3760741
1.474756723,164.3439599
1.47237449,164.6012801
1.472076711,164.6305302
1.470290037,164.7766191
1.469396191,164.8293941
1.466121131,164.8989268
1.467610026,164.890079
1.465227793,164.8884792
1.476245618,164.1982388
1.481901188,164.0177097
1.474161165,164.4085129
1.475054502,164.3125031
1.472672269,164.5708404
1.471778932,164.6584378
1.464930014,164.8827876
1.470587816,164.7558605
1.469100488,164.8443062
1.465823352,164.8968393
1.467907805,164.8840605
1.465525572,164.893171
1.475944177,164.2249499
1.473863386,164.4413535
1.47535161,164.282103
1.472970048,164.5392806
1.471481153,164.6849009
1.464632235,164.8768113
1.470885595,164.7336868
1.468803218,164.8561846
1.468205584,164.8765824
1.475645727,164.253139
1.473565607,164.474231
1.473267828,164.5070216
1.471183374,164.7100239
1.464334456,164.8706233
1.468503363,164.8675072
1.464036677,164.8642772
1.463738898,164.8582476
1.463441119,164.8520234
1.463141486,164.8453556
1.462846255,164.8385306
1.46255033,164.8320492
1.462250003,164.825288
1.461952224,164.8187051
1.461654445,164.8120635
1.461356666,164.8054655
1.461058887,164.7988575
1.460761108,164.7921056
1.460463329,164.7849564
1.46016555,164.7774362
1.459867771,164.769284
1.459569992,164.7606487
1.459272213,164.7515561
1.458974434,164.7419633
1.458676655,164.7321038
1.458378876,164.7219411
1.458081096,164.7115867
1.457783317,164.7009833
1.457485538,164.6902403
1.457187759,164.6794374
1.456888353,164.6688076
1.456592043,164.6575176
1.456295892,164.6473789
1.455996643,164.6365178
1.455698864,164.6261535
1.455401085,164.61603
1.455103306,164.6061801
1.454805527,164.5967269
1.454507748,164.5877898
1.454209969,164.5793261
1.45391219,164.5714992
1.453614411,164.5642848
1.453316632,164.5580222
1.453018853,164.5524138
1.452721074,164.5479623
1.452423295,164.5442474
1.452125516,164.5417944
1.451827737,164.540175
1.451529958,164.5396887
1.451232179,164.5403013
1.4509344,164.541581
1.450633969,164.544685
1.450336582,164.5474369
1.450041455,164.5520062
1.449743283,164.5567237
1.449445504,164.562443
1.449147725,164.5686372
1.448849946,164.5757792
1.448552167,164.583426
1.448254388,164.5923729
1.447956609,164.602152
1.44765883,164.6133404
1.447361051,164.6251531
1.447063272,164.6377313
1.446765493,164.6502188
1.446467714,164.6633715
1.446169935,164.6770658
1.445872156,164.6915471
1.445574377,164.7067337
1.445276598,164.7224759
1.444978819,164.7390614
1.44468104,164.7562449
1.444379585,164.7743779
1.44408112,164.79339
1.443787017,164.8125064
1.443489924,164.8326489
1.443192144,164.8535568
1.442894365,164.8750474
1.442596586,164.897042
1.442298807,164.919475
1.442001028,164.9420219
1.441703249,164.9644538
1.44140547,164.9867267
1.441107691,165.0086173
1.440809912,165.0300296
1.440512133,165.0508863
1.440214354,165.0711624
1.439916575,165.0907719
1.439618796,165.1096985
1.439321017,165.1280721
1.439023238,165.1456125
1.438725459,165.1626559
1.43842768,165.1789108
1.438129901,165.1944809
1.437831595,165.2090653
1.437535879,165.2232332
1.437238628,165.235542
1.436938785,165.2476979
1.436641006,165.2582547
1.436343227,165.2676862
1.436045447,165.2758538
1.435747668,165.282702
1.435449889,165.2884088
1.43515211,165.2927055
1.434854331,165.2958251
1.434556552,165.2975863
1.434258773,165.2980201
1.433960994,165.2970544
1.433663215,165.2950547
1.433365436,165.2918007
1.433067657,165.2880353
1.432769878,165.283872
1.432472099,165.2793063
1.43217432,165.2748213
1.431876541,165.2702959
1.43157689,165.2653776
1.431281644,165.2602188
1.430985737,165.2553151
1.430685425,165.2500881
1.430387646,165.2450721
1.430089867,165.2400432
1.429792088,165.2351253
1.429494309,165.2304866
1.42919653,165.2260767
1.428898751,165.2219265
1.428600971,165.2178481
1.428303192,165.2138103
1.428005413,165.2096961
1.427707634,165.2055265
1.427409855,165.2012082
1.427112076,165.1966954
1.426814297,165.1920282
1.426516518,165.1870981
1.426218739,165.1818717
1.42592096,165.1764217
1.425623181,165.170555
1.425323761,165.164532
1.425027437,165.1576783
1.424731299,165.1512668
1.424432065,165.1440186
1.424134286,165.1365379
1.423836507,165.1286518
1.423538728,165.120449
1.423240949,165.1117437
1.42294317,165.1026495
1.422645391,165.0932333
1.422347612,165.0833672
1.422049833,165.0733184
1.421752054,165.0628858
1.421454275,165.0522786
1.421156495,165.0413761
1.420858716,165.0302582
1.420560937,165.018917
1.420263158,165.0074436
1.652233921,161.249864
1.652529065,161.2584533
1.654913042,161.3022137
1.655210821,161.304273
1.652828589,161.2663769
1.654615263,161.2996847
1.6555086,161.3057295
1.653126368,161.2736266
1.654317484,161.2957769
1.655806379,161.3068345
1.653424147,161.2802391
1.661166402,161.219821
1.661464181,161.2090508
1.658190762,161.2929119
1.658488141,161.2886636
1.654019705,161.2911968
1.656104158,161.3074273
1.653721926,161.286083
1.669801994,160.6332312
1.670099773,160.6103015
1.660868623,161.2299975
1.66176196,161.1976816
1.657890833,161.2970945
1.658781074,161.2834289
1.656401937,161.3074206
1.666824204,160.8862943
1.666526425,160.9109882
1.669504215,160.6568538
1.670397552,160.5880978
1.660570844,161.2394493
1.662059739,161.1855805
1.657593054,161.3004464
1.659079253,161.2773181
1.656699716,161.3067438
1.667121983,160.861074
1.666228646,160.9350041
1.669206436,160.6812747
1.670695331,160.5666988
1.660273065,161.2483718
1.662357518,161.1728376
1.657295274,161.303237
1.659379728,161.2712547
1.656997495,161.3053545
1.667419762,160.835429
1.665930867,160.9583195
1.672482006,160.455727
1.672779785,160.4401428
1.668908657,160.7062245
1.670993604,160.5459513
1.676650912,160.2897496
1.676353133,160.2985818
1.659975286,161.2565288
1.662655297,161.1594015
1.659677507,161.2641526
1.667717541,160.8095007
1.665633088,160.9809684
1.672184227,160.4722485
1.673077564,160.4250118
1.668610878,160.7316886
1.671288829,160.5266444
1.676948691,160.2813273
1.676055354,160.3077726
1.662953076,161.1452698
1.66801532,160.7834974
1.665331729,161.0021876
1.671886447,160.4894155
1.673375343,160.410805
1.668313099,160.757497
1.671586114,160.5074373
1.677248042,160.2730422
1.675757575,160.3173168
1.664739167,161.043173
1.664441971,161.0623369
1.663250855,161.1303059
1.665033367,161.0239803
1.673673122,160.3970877
1.67754429,160.2648697
1.675459796,160.3271961
1.673970901,160.3840237
1.664144192,161.0806222
1.663548634,161.1146156
1.677840498,160.2566631
1.675162017,160.3375464
1.67426868,160.371615
1.678139807,160.2482398
1.678437586,160.2399707
1.663846413,161.0980442
1.674864238,160.3484022
1.674566459,160.3597007
1.678735365,160.232102
1.679033144,160.2243602
1.679330923,160.2170964
1.679628703,160.2099956
1.679926482,160.20328
1.680224261,160.1967942
1.68052204,160.1907754
1.680819819,160.1850714
1.681117598,160.1798743
1.681415377,160.1750892
1.681713156,160.1708106
1.682010935,160.1667653
1.682308714,160.1630717
1.682606493,160.1596024
1.682904272,160.1564451
1.683202051,160.1533999
1.68350248,160.1510376
1.683798532,160.1478005
1.684093662,160.1464718
1.684393167,160.1441159
1.684690946,160.142728
1.684988725,160.1416709
1.685286504,160.1413751
1.685584283,160.141526
1.685882062,160.1424175
1.686179841,160.1441278
1.68647762,160.1466606
1.686775399,160.1502697
1.687073179,160.1547477
1.687370958,160.1603341
1.687668737,160.1669159
1.687966516,160.1747651
1.688264295,160.1837725
1.688562074,160.1941708
1.688859853,160.2056187
1.689157632,160.2183631
1.689455411,160.2321203
1.689755353,160.2479744
1.69005275,160.263326
1.690345683,160.2805599
1.690643844,160.2999514
1.690944306,160.3188776
1.691242085,160.3395125
1.691539864,160.3608343
1.691837643,160.3827128
1.692135422,160.4050084
1.692433201,160.4276983
1.69273098,160.4505026
1.693028759,160.4733949
1.693326538,160.4961586
1.693624317,160.5187798
1.693922096,160.5411812
1.694219876,160.5633418
1.694517655,160.5852454
1.694815434,160.606836
1.695113213,160.6281594
1.695410992,160.6490951
1.695708771,160.6696426
1.69600655,160.6896297
1.69630376,160.7091203
1.696597974,160.7273736
1.696896322,160.746488
1.697197666,160.7641852
1.697495445,160.7818362
1.697793224,160.7991337
1.698091003,160.8162701
1.698388782,160.8330855
1.698686561,160.8497964
1.69898434,160.8658748
1.699282119,160.8813256
1.699579898,160.8958221
1.699877677,160.9090509
1.700175456,160.9211388
1.700473235,160.9325292
1.700771014,160.9418895
1.701068793,160.9503428
1.701366572,160.956952
1.701664352,160.9628408
1.701962131,160.967096
1.70225991,160.9700616
1.702558197,160.970492
1.702853435,160.9698537
1.703150706,160.9665501
1.703451026,160.9624326
1.703748805,160.9564508
1.704046584,160.9493007
1.704344363,160.9411483
1.704642142,160.9319582
1.704939921,160.9218156
1.7052377,160.9107357
1.705535479,160.8987661
1.705833258,160.8860174
1.706131037,160.8726645
1.706428816,160.8586502
1.706726595,160.8442867
1.707024374,160.8295286
1.707322153,160.814567
1.707619932,160.7994173
1.707917711,160.7841582
1.70821549,160.7687281
1.708513269,160.7533407
1.708812635,160.7377746
1.709108897,160.7231201
1.70940509,160.7081909
1.709704386,160.6939563
1.710002165,160.6802454
1.710299944,160.6670667
1.710597723,160.6545225
1.710895502,160.6426502
1.711193281,160.6314104
1.71149106,160.6208219
1.711788839,160.610786
1.712086618,160.6013337
1.712384397,160.5922958
1.712682176,160.5837623
1.712979955,160.5755542
1.713277734,160.5677638
1.713575513,160.5602032
1.713873292,160.5529502
1.714171071,160.5458974
1.71446885,160.5390478
1.714766629,160.5323499
1.715067073,160.5254283
1.715363143,160.519398
1.715658258,160.5122368
1.715957745,160.5056033
1.716255525,160.4985669
1.716553304,160.491244
1.716851083,160.4836462
1.717148862,160.475663
1.717446641,160.467229
1.71774442,160.4582842
1.718042199,160.4489011
1.718339978,160.438885
1.718637757,160.4284196
1.718935536,160.4173576
1.719233315,160.4059055
1.719531094,160.3938651
1.719828873,160.3813866
1.720126652,160.3684102
1.720424431,160.354901
1.72072221,160.3409209
1.721019989,160.3264312
1.721319944,160.3107754
1.721617359,160.2956127
1.721910291,160.2794027
1.722208434,160.2616884
1.722508884,160.244401
1.722806663,160.2257805
1.723104442,160.2066136
1.723402221,160.1868071
1.723700001,160.1662674
1.72399778,160.1450286
1.724295559,160.1230964
1.724593338,160.1004121
1.724891117,160.0771352
1.725188896,160.0531555
1.725486675,160.0285342
1.725784454,160.0034306
1.726082233,159.9777793
1.726380012,159.9516605
1.726677791,159.9252651
1.729060023,159.7108796
1.728762244,159.7373268
1.72697557,159.8985313
1.743055638,159.0748072
1.743353417,159.0714238
1.729357802,159.6848679
1.728460914,159.7636529
1.727273349,159.8717102
1.742757859,159.0794331
1.743651196,159.0686865
1.729655581,159.6593603
1.72816258,159.7914494
1.727571128,159.8446275
1.731740035,159.4974111
1.732037814,159.4769426
1.74246008,159.084729
1.743948975,159.067445
1.737397836,159.220816
1.737695615,159.2113693
1.734715298,159.3244846
1.734418042,159.3390072
1.72995336,159.6343138
1.727868353,159.8176486
1.731442256,159.5185364
1.732335593,159.4572565
1.742162301,159.0909309
1.744246754,159.0672921
1.74573565,159.0887037
1.746033429,159.0978913
1.737100057,159.2302918
1.737993394,159.2021758
1.735015604,159.3106812
1.73412279,159.3536215
1.730251139,159.6098592
1.731144477,159.5403553
1.732633372,159.4382586
1.741864522,159.0975985
1.744544533,159.0685682
1.74543787,159.081432
1.746331208,159.1084854
1.736802278,159.2400613
1.738291174,159.1927367
1.735313383,159.2974866
1.733824488,159.3693298
1.73322893,159.4024704
1.730548918,159.5859809
1.730846697,159.5628458
1.732931151,159.4199993
1.740377228,159.1364071
1.740673504,159.1282228
1.744842312,159.0714281
1.741566743,159.1049052
1.745140091,159.0755785
1.746631666,159.1220039
1.738588953,159.1838162
1.736504499,159.2504334
1.735611162,159.284947
1.733526709,159.3855358
1.740077848,159.1440325
1.740969682,159.120726
1.749011219,159.2816845
1.749308998,159.3083067
1.741268964,159.1125363
1.746927754,159.1343784
1.751393451,159.5163135
1.738886732,159.1751417
1.73620672,159.2614002
1.735908941,159.2728527
1.739780069,159.1517607
1.74871344,159.256338
1.749606777,159.3361548
1.747222855,159.1520958
1.751095672,159.4859703
1.75169123,159.5462607
1.739184511,159.1671463
1.73948229,159.1592671
1.748415661,159.2323515
1.749904556,159.3649971
1.747522324,159.1690252
1.750797893,159.455432
1.751989009,159.5756704
1.748117882,159.2097514
1.750202335,159.3946597
1.747820103,159.1886977
1.750500114,159.4249146
1.752286788,159.6043836
1.752584567,159.6322348
1.752884534,159.659941
1.753181968,159.685541
1.7534749,159.7103547
1.753773025,159.7351632
1.754073463,159.7580442
1.754371242,159.7800853
1.754669021,159.8007771
1.7549668,159.8204313
1.755264579,159.8384768
1.755562358,159.8555371
1.755860137,159.8713221
1.756157916,159.8858862
1.756455695,159.8994809
1.756753474,159.9118949
1.757051253,159.9233311
1.757349032,159.933604
1.757646811,159.9429368
1.75794459,159.9511802
1.758242369,159.9586131
1.758540148,159.9648156
1.758837927,159.9704338
1.759135706,159.9749095
1.759432946,159.9786866
1.759727187,159.9815906
1.760025506,159.9840476
1.760326823,159.9855716
1.760624602,159.9864842
1.760922381,159.9868123
1.76122016,159.9865416
1.761517939,159.9857134
1.761815718,159.9843598
1.762113497,159.9825876
1.762411276,159.9804721
1.762709055,159.9781001
1.763006834,159.9756235
1.763304613,159.9730863
1.763602392,159.9706554
1.763900171,159.9684776
1.76419795,159.9665454
1.764495729,159.9651075
1.764793508,159.9641146
1.765091287,159.963722
1.765389066,159.963918
1.765687383,159.9646648
1.765982649,159.9656646
1.76627989,159.967208
1.766580182,159.9688612
1.766877961,159.970738
1.76717574,159.9728068
1.767473519,159.9749085
1.767771299,159.9770719
1.768069078,159.9793139
1.768366857,159.9814044
1.768664636,159.9831154
1.768962415,159.9846634
1.769260194,159.9860115
1.769557973,159.9869064
1.769855752,159.9875614
1.770153531,159.9878657
1.77045131,159.987736
1.770749089,159.987382
1.771046868,159.9866229
1.771344647,159.9853154
1.771642426,159.9833815
1.771941821,159.9808546
1.77223811,159.9778736
1.772534274,159.97321
1.772833542,159.9682117
1.773131321,159.9617393
1.7734291,159.9540766
1.773726879,159.9452474
1.774024658,159.9350659
1.774322437,159.923637
1.774620216,159.9110841
1.774917996,159.8972408
1.775215775,159.8825288
1.775513554,159.8668983
1.775811333,159.8507168
1.776109112,159.8340374
1.776406891,159.8170684
1.77670467,159.8000574
1.777002449,159.7830966
1.777300228,159.7662175
1.777598007,159.7496989
1.777895786,159.7334796
1.778196259,159.7169729
1.778492365,159.7022156
1.778787451,159.6864671
1.779086902,159.6718019
1.779384681,159.6572517
1.77968246,159.6430749
1.779980239,159.629135
1.780278018,159.6156022
1.780575797,159.602278
1.780873576,159.5891861
1.781171355,159.5761995
1.781469134,159.5634102
1.781766913,159.5504617
1.782064692,159.5374859
1.782362472,159.5241383
1.782660251,159.5105638
1.78295803,159.496578
1.783255809,159.482119
1.783553588,159.4669267
1.783851367,159.4511823
1.784149146,159.4347473
1.784449125,159.4168587
1.784746577,159.399382
1.785039509,159.3806681
1.785337616,159.3604502
1.785638041,159.3403329
1.78593582,159.3192393
1.786233599,159.2974085
1.786531378,159.2752514
1.786829157,159.2525634
1.787126936,159.2294583
1.787424715,159.2061925
1.787722494,159.1826201
1.788020273,159.1590277
1.788318052,159.1355055
1.788615831,159.1120477
1.78891361,159.0889214
1.789211389,159.0661548
1.789509168,159.0438735
1.789806948,159.022145
1.790104727,159.0010111
1.790402506,158.9806518
1.790700285,158.960924
1.790997539,158.9420109
1.791291794,158.9244344
1.791590098,158.9066904
1.791891401,158.8903254
1.79218918,158.8746386
1.792486959,158.8598071
1.792784738,158.8455889
1.793082517,158.8321368
1.793380296,158.8191825
1.793678075,158.8068307
1.793975854,158.7947898
1.794273633,158.78329
1.794571412,158.7717924
1.794869191,158.760722
1.79516697,158.7496935
1.795464749,158.7386974
1.795762528,158.7277983
1.796060307,158.7168225
1.796358086,158.7057369
1.796655865,158.6947056
1.796953645,158.6836022
1.797251976,158.6723264
1.797547255,158.6615036
1.885096241,157.8827853
1.88539402,157.8959155
1.884798461,157.869761
1.885691317,157.9091097
1.887180694,157.973206
1.886882915,157.9608529
1.889265147,158.0440226
1.890158484,158.0638218
1.889562926,158.0515344
1.885985614,157.9218196
1.884500682,157.8568809
1.887478473,157.9851953
1.886585136,157.9480673
1.888967368,158.0360248
1.889860705,158.0580418
1.875269532,157.6326952
1.875567311,157.6348965
1.882416229,157.7738821
1.882714008,157.7846972
1.886283874,157.9353666
1.884202903,157.8441826
1.887776252,157.9966859
1.888669589,158.0271741
1.874971753,157.6308139
1.87586509,157.6373304
1.872291742,157.6296548
1.871993963,157.6316144
1.879733336,157.6950927
1.879440403,157.6884642
1.88211845,157.763438
1.883011787,157.7959569
1.883905124,157.8316711
1.888074031,158.0075083
1.88837181,158.0177294
1.874673974,157.6291102
1.876162869,157.6401887
1.865145045,157.905524
1.865442824,157.8853901
1.869313951,157.6873623
1.86961173,157.6774518
1.872589521,157.6279302
1.871696184,157.6343229
1.880031388,157.7024303
1.879142897,157.6829078
1.881820671,157.7534038
1.883309566,157.8074968
1.883607345,157.8194512
1.877949544,157.6620736
1.878247323,157.6667127
1.874376195,157.6278346
1.876460648,157.643098
1.864847266,157.9263449
1.865740603,157.8658311
1.869016172,157.6983482
1.869909509,157.6683098
1.872890037,157.6270608
1.871398405,157.6377484
1.880331776,157.7094402
1.878842881,157.6768727
1.881522892,157.7437548
1.878545102,157.6717195
1.877651765,157.6577166
1.876758427,157.6464113
1.874078416,157.6268942
1.864549487,157.9475508
1.866038382,157.847002
1.867825056,157.7484528
1.867527277,157.7630285
1.870207289,157.6602133
1.868718393,157.7097423
1.873186198,157.6258604
1.871100626,157.6417515
1.880629555,157.7174526
1.881225113,157.734591
1.877353985,157.6537133
1.877056206,157.6498907
1.873780637,157.6261658
1.866336161,157.8288129
1.864251708,157.9691965
1.87348124,157.6262893
1.868122835,157.7349047
1.867226536,157.7783413
1.870505068,157.6529911
1.868420614,157.7220542
1.870802847,157.6470238
1.880927334,157.7257431
1.866635599,157.8110439
1.863953929,157.9913145
1.866930415,157.7946312
1.86365615,158.013587
1.861869475,158.1463311
1.861571696,158.1674376
1.863358371,158.0359737
1.862167254,158.1247481
1.861273917,158.1881528
1.863060592,158.0584179
1.862465033,158.1029077
1.860973667,158.2078979
1.862762812,158.0807539
1.860676469,158.2282567
1.860381162,158.2465021
1.860082801,158.2652001
1.859785022,158.2830358
1.859487243,158.3004143
1.859189464,158.3171359
1.858891685,158.3332148
1.858593906,158.3486217
1.858296127,158.3634447
1.857998348,158.3774415
1.857700569,158.3908023
1.85740279,158.4034056
1.857105011,158.4151379
1.856807232,158.4261245
1.856509453,158.4361492
1.856211674,158.4454028
1.855913895,158.4537135
1.855616116,158.4611252
1.855318336,158.4677506
1.855020557,158.4734617
1.854719282,158.4773727
1.854421007,158.4812233
1.854126724,158.4829898
1.853829441,158.4840987
1.853531662,158.4837537
1.853233883,158.4823913
1.852936104,158.4797191
1.852638325,158.4760749
1.852340546,158.4715825
1.852042767,158.4664686
1.851744988,158.4613257
1.851447209,158.4562682
1.85114943,158.4513745
1.850851651,158.4474624
1.850553872,158.4438969
1.850256093,158.4402899
1.849958314,158.4368837
1.849660535,158.4337141
1.849362756,158.4306152
1.849064977,158.4276788
1.848767198,158.4248565
1.848466797,158.4223306
1.848168727,158.4194453
1.847875794,158.4170045
1.847578306,158.414767
1.847278302,158.4124898
1.846980523,158.4104687
1.846682744,158.408579
1.846384965,158.4070776
1.846087186,158.4056968
1.845789407,158.40482
1.845491628,158.4041714
1.845193849,158.4042428
1.84489607,158.4046982
1.844598291,158.4055973
1.844300512,158.4070073
1.844002733,158.408781
1.843704954,158.4108856
1.843407175,158.4132059
1.843109396,158.4156285
1.842811617,158.4181333
1.842513838,158.4204218
1.842216059,158.4225176
1.841916644,158.4242793
1.841621587,158.4254419
1.841325444,158.426315
1.841024943,158.4265354
1.840727163,158.4260195
1.840429384,158.4249884
1.840131605,158.4231191
1.839833826,158.4207931
1.839536047,158.4175244
1.839238268,158.4135767
1.838940489,158.4090218
1.83864271,158.4038326
1.838344931,158.3980562
1.838047152,158.3917834
1.837749373,158.3848678
1.837451594,158.3776251
1.837153815,158.369973
1.836856036,158.3618532
1.836558257,158.3534708
1.836260478,158.3447671
1.835962699,158.335992
1.835663458,158.3271592
1.835367324,158.3178581
1.835071006,158.3092674
1.834771583,158.3000481
1.834473804,158.2910281
1.834176025,158.2820861
1.833878246,158.2731729
1.833580467,158.2642816
1.833282687,158.255513
1.832984908,158.2467859
1.832687129,158.2381399
1.83238935,158.2295648
1.832091571,158.2210554
1.831793792,158.2125656
1.831496013,158.2041922
1.831198234,158.1958813
1.830900455,158.1876386
1.830602676,158.1796076
1.830304897,158.1716277
1.830007118,158.1639448
1.829709339,158.1563797
1.829409075,158.1495634
1.829111862,158.1422274
1.828816569,158.13616
1.828518223,158.1299372
1.828220444,158.1241927
1.827922665,158.1188274
1.827624886,158.1138984
1.827327107,158.1092903
1.827029328,158.105073
1.826731549,158.1012817
1.82643377,158.0977753
1.82613599,158.0946349
1.825838211,158.0920305
1.825540432,158.0895259
1.825242653,158.0874801
1.824944874,158.0857681
1.824647095,158.0842757
1.824349316,158.0829972
1.824051537,158.0818933
1.823753758,158.0809027
1.823455979,158.0799451
1.82315469,158.0793756
1.8228564,158.0779908
1.822562132,158.0769674
1.822264863,158.0757337
1.821967084,158.0742533
1.821669305,158.0724758
1.821371526,158.0706456
1.821073747,158.0686317
1.820775968,158.0666498
1.820478189,158.0645352
1.82018041,158.0626544
1.819882631,158.0608554
1.819584852,158.0594771
1.819287073,158.0584167
1.818989294,158.0578669
1.818691514,158.0578469
1.818393735,158.0585116
1.818095956,158.0596391
1.817798177,158.0614901
1.817500398,158.0639658
1.817202619,158.0669081
1.816902206,158.0706706
1.816604118,158.0744401
1.816311186,158.0786323
1.816013716,158.0833948
1.815713724,158.0883868
1.815415945,158.0934242
1.815118166,158.0988479
1.814820387,158.1042156
1.814522608,158.1097024
1.814224829,158.115199
1.81392705,158.1206969
1.813629271,158.1262637
1.813331492,158.1318404
1.813033713,158.1373592
1.812735934,158.1428672
1.812438155,158.1481026
1.812140376,158.1532859
1.811842597,158.1582764
1.811544817,158.1634049
1.811247038,158.1685652
1.810949259,158.1739883
1.81065148,158.1794238
1.810352048,158.1852063
2.209973174,156.0563897
2.209675395,156.0493681
2.209377616,156.0429952
2.209079837,156.0377502
2.208782058,156.0337852
2.208484279,156.030136
2.20818418,156.0283533
2.207887143,156.0263813
2.207591683,156.0264475
2.207293163,156.026717
2.206995384,156.028596
2.206697605,156.0312348
2.206399826,156.0354034
2.206102046,156.0403869
2.205804267,156.0469095
2.205506488,156.0543455
2.205208709,156.0630389
2.20491093,156.0726889
2.204613151,156.0832384
2.204315372,156.0944303
2.204017593,156.1062012
2.203719814,156.118691
2.203422035,156.1317675
2.203124256,156.1458373
2.202826477,156.1607906
2.202528698,156.1766318
2.202230919,156.1928164
2.201929796,156.2094537
2.201631681,156.2266782
2.198955349,156.3892788
2.199253129,156.3707685
2.195379425,156.5792892
2.195677295,156.5676643
2.201337246,156.2437269
2.19865757,156.4077153
2.199550908,156.3523688
2.195086492,156.5892516
2.195977559,156.5558296
2.194788804,156.5971078
2.194488664,156.6048113
2.201039803,156.2611872
2.198359791,156.4260768
2.199848687,156.3337932
2.19270199,156.6260215
2.192404211,156.6265006
2.196275338,156.5422333
2.194190885,156.6107487
2.200742024,156.2791943
2.198062012,156.4442035
2.200146466,156.3154278
2.196573117,156.5278044
2.192999769,156.6247443
2.192106432,156.626089
2.193893106,156.6158059
2.200444245,156.2971802
2.197764233,156.4619989
2.196870896,156.5123396
2.193297548,156.6226432
2.191808653,156.625288
2.193595327,156.6196888
2.197466454,156.4793451
2.197168675,156.4963046
2.191510873,156.6233822
2.191213094,156.6210635
2.184661956,156.49289
2.184364176,156.4824594
2.189724199,156.6049112
2.190021978,156.6081437
2.190915315,156.6180803
2.184959735,156.5028283
2.184066397,156.4719574
2.188535966,156.5912457
2.188235304,156.5864987
2.18942642,156.6019157
2.190319757,156.611349
2.190617536,156.6148125
2.185257514,156.5126143
2.183768618,156.4612731
2.188832309,156.5954743
2.187937525,156.5815623
2.189127205,156.5986982
2.179897491,156.3231083
2.18019527,156.3333343
2.182281528,156.4074743
2.182576526,156.4175295
2.183470839,156.4504755
2.185555293,156.5222199
2.187639746,156.5757943
2.179599712,156.3130987
2.180493049,156.3436341
2.17721748,156.2364027
2.1769197,156.2270389
2.174537468,156.1470237
2.181981944,156.3963253
2.182872501,156.4289531
2.18317306,156.4396967
2.185853072,156.5312102
2.187341967,156.5697492
2.174239689,156.1357635
2.179301933,156.3031417
2.180790828,156.353951
2.177515259,156.2456516
2.176619588,156.2180793
2.174835247,156.1580914
2.181684165,156.3855782
2.186150851,156.539876
2.187044188,156.5630378
2.17394191,156.1238362
2.179004154,156.2932626
2.181088607,156.3644706
2.177813038,156.2550029
2.176322536,156.2081174
2.175133026,156.1687576
2.181386386,156.3750069
2.18644863,156.548018
2.186746409,156.5557107
2.173644131,156.1117942
2.178706375,156.2834306
2.178110817,156.2642879
2.17602709,156.199104
2.175430805,156.1791226
2.173346352,156.0993871
2.178408596,156.2738964
2.175728584,156.1891014
2.173048573,156.0866627
2.172750794,156.0736844
2.172453015,156.0604946
2.172155236,156.0470537
2.171857457,156.033809
2.171559678,156.020403
2.171261899,156.0070825
2.17096412,155.9940315
2.170666341,155.9811834
2.170365204,155.9694337
2.170067074,155.9569847
2.169772653,155.946221
2.169475224,155.9353158
2.169177445,155.9251875
2.168879666,155.9155111
2.168581887,155.9064261
2.168284108,155.8980788
2.167986329,155.8900921
2.16768855,155.8830689
2.167390771,155.8764332
2.167092992,155.8706556
2.166795213,155.8655451
2.166497434,155.861149
2.166199655,155.8573432
2.165901876,155.8543661
2.165604097,155.8518418
2.165306318,155.8498539
2.165008539,155.8484051
2.16471076,155.8472858
2.164412981,155.8467118
2.164112704,155.8466637
2.163814816,155.8462006
2.163521883,155.8460566
2.163224214,155.8464379
2.162924086,155.8463962
2.162626307,155.8461688
2.162328527,155.8458151
2.162030748,155.8452349
2.161732969,155.8440088
2.16143519,155.8422718
2.161137411,155.8400298
2.160839632,155.8373762
2.160541853,155.8338291
2.160244074,155.8295385
2.159946295,155.8246196
2.159648516,155.8190617
2.159350737,155.8128757
2.159052958,155.8062845
2.158755179,155.7992773
2.1584574,155.7920038
2.158159621,155.7844977
2.157861842,155.7769325
2.157562609,155.7694425
2.157267698,155.7615755
2.156971373,155.754767
2.156670726,155.7471349
2.156372947,155.7401758
2.156075168,155.7332264
2.155777389,155.7265465
2.15547961,155.719996
2.15518183,155.7138969
2.154884051,155.7078145
2.154586272,155.7021533
2.154288493,155.6968003
2.153990714,155.6917234
2.153692935,155.6869238
2.153395156,155.6824858
2.153097377,155.6784193
2.152799598,155.6745956
2.152501819,155.6711424
2.15220404,155.6681244
2.151906261,155.6653216
2.151608482,155.6628308
2.151307904,155.6609739
2.151011915,155.6586114
2.150716935,155.6574904
2.150417366,155.6559698
2.150119587,155.6547213
2.149821808,155.6539112
2.149524029,155.6529604
2.14922625,155.6525504
2.148928471,155.6522082
2.148630692,155.6520856
2.148332913,155.6522731
2.148035134,155.6527582
2.147737354,155.6533121
2.147439575,155.6543995
2.147141796,155.6556358
2.146844017,155.657303
2.146546238,155.6591685
2.146248459,155.6613552
2.14595068,155.6639152
2.145652901,155.6665576
2.145355122,155.6695705
2.145054996,155.6726816
2.144757929,155.6757896
2.144462498,155.6790001
2.144164006,155.6823011
2.143866227,155.6854389
2.143568448,155.6884196
2.143270669,155.6913191
2.14297289,155.6939962
2.142675111,155.6965396
2.142377332,155.698746
2.142079553,155.7009075
2.141781774,155.7028132
2.141483995,155.7046906
2.141186216,155.7060798
2.140888437,155.7077239
2.140590657,155.7088663
2.140292878,155.7100688
2.139995099,155.7109841
2.13969732,155.7117326
2.139399541,155.7123167
2.139101762,155.7127808
2.138800612,155.713057
2.138502468,155.7131488
2.13820806,155.7130707
2.137910646,155.7130689
2.137612867,155.7127829
2.137315088,155.7124366
2.137017309,155.7120271
2.13671953,155.7117075
2.136421751,155.7111795
2.136123972,155.7108061
2.135826193,155.7103838
2.135528414,155.7100135
2.135230635,155.7097206
2.134932856,155.7093383
2.134635077,155.7091863
2.134337298,155.7089661
2.134039519,155.7087633
2.13374174,155.7085819
2.133443961,155.708437
2.133146181,155.7081484
2.132848402,155.7080584
2.132548113,155.7077905
2.132250207,155.7072705
2.131957274,155.7068043
2.131659623,155.7063221
2.131359507,155.7055972
2.131061728,155.7049809
2.130763949,155.7042402
2.13046617,155.7035924
2.130168391,155.7030329
2.129870612,155.7026025
2.129572833,155.7023306
2.129275054,155.7022678
2.128977275,155.7024228
2.282333481,66.6453523
2.282035702,66.82844471
2.281737923,66.94407416
2.281440144,66.48987734
2.278760132,75.47122569
2.279057911,29.20398684
2.281142365,65.31241369
2.275782342,155.0462177
2.275484563,155.044354
2.278462353,111.8406872
2.279355691,5.494812327
2.280844586,63.15879512
2.275186784,155.044136
2.276080121,155.0522271
2.278164574,137.7443305
2.27965347,29.83317719
2.280546807,59.46169909
2.274889005,155.0440489
2.2763779,155.0691627
2.279951249,44.23298856
2.277866795,149.7307367
2.280249028,53.51847238
2.276675679,155.1070137
2.274591226,155.0440736
2.27756629,153.7927851
2.276975307,155.134444
2.274293447,155.0439211
2.277270359,155.009615
2.273995668,155.0438886
2.271911214,155.0358745
2.272208994,155.0384655
2.273697889,155.0434972
2.271613435,155.0330774
2.272506773,155.0400272
2.27340011,155.0430787
2.271313365,155.0298242
2.272804552,155.0414483
2.273102331,155.042471
2.27012454,155.0114657
2.269826761,155.005338
2.271016356,155.0259822
2.270422319,155.0167682
2.269528982,154.9990273
2.266848971,154.926987
2.26714675,154.9357188
2.264168959,154.8497759
2.26387118,154.8414082
2.270720869,155.021632
2.269231203,154.9921559
2.266551192,154.9181935
2.267444529,154.9442567
2.264466432,154.8581322
2.263573401,154.8333221
2.256426704,154.6391674
2.256724483,154.6498102
2.268933424,154.9849305
2.267742308,154.9528716
2.266253413,154.909537
2.26089339,154.7625918
2.261191169,154.770083
2.264760895,154.8661807
2.263275622,154.8250101
2.256128925,154.6282634
2.257022262,154.659731
2.268635645,154.9773066
2.268040087,154.9611616
2.265955634,154.900799
2.260595611,154.7552405
2.261488948,154.7775105
2.26505898,154.8751926
2.262977843,154.8169758
2.255831146,154.616588
2.257320041,154.6693689
2.268337866,154.9694254
2.265657855,154.8920971
2.258806476,154.7115685
2.259106716,154.7186507
2.260297832,154.747997
2.261786727,154.7852456
2.265360076,154.8834654
2.262680064,154.8089027
2.255533367,154.6047954
2.257617821,154.6785387
2.258508643,154.7034389
2.259404495,154.7262599
2.260000053,154.7407296
2.262084506,154.7930795
2.262382285,154.8008093
2.254044472,154.5415738
2.254342251,154.5543724
2.255235588,154.5924955
2.257917986,154.6874757
2.25821571,154.6954137
2.259702274,154.7334994
2.25464003,154.5670655
2.253746693,154.5289566
2.254937809,154.5799064
2.253448914,154.5167494
2.253151135,154.5047697
2.252555577,154.4822398
2.252853356,154.49321
2.252256398,154.4721439
2.251961531,154.4618208
2.251665152,154.4540377
2.251364461,154.445781
2.251066682,154.4389514
2.250768903,154.4331047
2.250471124,154.4286603
2.250173345,154.4251016
2.249875565,154.4230276
2.249577786,154.4220257
2.249280007,154.4223773
2.248982228,154.4237541
2.248684449,154.4269651
2.24838667,154.4310489
2.248088891,154.4367631
2.247791112,154.4438898
2.247493333,154.4523193
2.247195554,154.4622481
2.246897775,154.4737891
2.246599996,154.4868869
2.246302217,154.5005547
2.246001694,154.514879
2.245705748,154.5278013
2.245410714,154.5409093
2.245111101,154.5539972
2.244813322,154.5681526
2.244515543,154.5825476
2.244217764,154.5968685
2.243919985,154.6112212
2.243622206,154.6252426
2.243324427,154.6389625
2.243026648,154.6522481
2.242728868,154.6650915
2.242431089,154.6773747
2.24213331,154.6890634
2.241835531,154.700315
2.241537752,154.7109738
2.241239973,154.7212544
2.240942194,154.7311126
2.240644415,154.7407683
2.240346636,154.7500803
2.240048857,154.7591328
2.239748773,154.7677986
2.239451749,154.7769465
2.239156276,154.7850977
2.238857741,154.7934341
2.238559962,154.8015756
2.238262183,154.809499
2.237964404,154.8171988
2.237666625,154.8248083
2.237368846,154.8321006
2.237071067,154.839579
2.236773288,154.8465194
2.236475509,154.8540046
2.23617773,154.8613092
2.235879951,154.8691451
2.235582172,154.8773031
2.235284392,154.8858563
2.234986613,154.8952928
2.234688834,154.9052072
2.234391055,154.9161478
2.234093276,154.927853
2.233795497,154.940699
2.233494388,154.9543468
2.233196288,154.9698614
2.232901839,154.9854992
2.232604381,155.0027909
2.232306602,155.0213724
2.232008823,155.0411564
2.231711044,155.0622533
2.231413265,155.0842784
2.231115486,155.1077676
2.230817707,155.1320527
2.230519928,155.1574658
2.230222149,155.1840525
2.22992437,155.2114913
2.229626591,155.2400379
2.229328812,155.269325
2.229031033,155.2996415
2.228733254,155.330639
2.228435475,155.3624239
2.228137695,155.3945671
2.227839916,155.4272001
2.227542137,155.4602708
2.227241886,155.4932433
2.226944034,155.5274895
2.226651101,155.5603663
2.226353395,155.5928029
2.226053242,155.627006
2.225755463,155.6597457
2.225457684,155.6923393
2.225159905,155.7245292
2.224862126,155.7560903
2.224564347,155.7875099
2.224266568,155.8179657
2.223968789,155.8480617
2.22367101,155.8774456
2.223373231,155.9060224
2.223075452,155.9337826
2.222777673,155.9609728
2.222479894,155.986938
2.222182115,156.0119336
2.221884336,156.0360559
2.221586557,156.0588876
2.221288778,156.0805853
2.220990999,156.1009945
2.220691802,156.1196445
2.22039692,156.1385411
2.220100559,156.1531193
2.219799882,156.1689414
2.219502103,156.1821882
2.219204324,156.1939662
2.218906545,156.2045926
2.218608766,156.2136635
2.218310987,156.221451
2.218013208,156.2281408
2.217715429,156.233474
2.21741765,156.2377869
2.217119871,156.2405887
2.216822092,156.2423586
2.216524313,156.2425277
2.216226534,156.2415769
2.215928755,156.2392515
2.215630976,156.2354045
2.215333197,156.2304378
2.215035418,156.223389
2.214737639,156.2152807
2.214437097,156.2056748
2.214141137,156.1963332
2.213846121,156.1863584
2.213546522,156.1766161
2.213248743,156.1662604
2.212950964,156.1563089
2.212653185,156.1460137
2.212355406,156.1352192
2.212057627,156.1243823
2.211759848,156.1135311
2.211462069,156.1028399
2.21116429,156.0924849
2.210866511,156.0825638
2.210568732,156.0731551
2.210270953,156.0644414
2.352909537,42.66033598
2.352611758,77.82444144
2.352311556,74.5169356
2.352013776,91.50724702
2.351715997,98.83014785
2.351120439,115.8616294
2.35082266,122.1265598
2.351418218,108.8783151
2.350524881,126.595158
2.350227102,129.6561725
2.349929323,131.3138996
2.349631544,131.8504609
2.349333765,131.5169437
2.349035986,130.6414161
2.348738207,129.1159067
2.348440428,127.0475962
2.348142649,124.9480245
2.34784487,122.8764733
2.347547091,120.8081273
2.347249312,118.775699
2.346950188,116.7474049
2.346358931,113.0061086
2.346655365,114.919154
2.346058196,111.254163
2.345760417,109.5360575
2.345462638,107.8875822
2.345164859,106.3058128
2.34486708,104.7900338
2.3445693,103.3342774
2.344271521,101.9291929
2.343973742,100.5777308
2.343675963,99.28338916
2.343378184,98.03865952
2.343080405,96.85091682
2.342782626,95.73330248
2.342484847,94.44072075
2.342187068,93.43470582
2.341889289,92.61118087
2.34159151,91.70148896
2.341293731,90.83571135
2.340995952,90.02391992
2.340695483,89.21906239
2.340399581,88.51526669
2.340104493,87.79678928
2.339804836,87.13049743
2.339507057,86.49844806
2.339209278,85.90148064
2.338911499,85.33652033
2.33861372,84.80335966
2.338315941,84.29993606
2.338018162,83.82526717
2.337720383,83.37767974
2.337422603,82.95568852
2.337124824,82.55727634
2.336827045,82.18117856
2.336529266,81.82617465
2.336231487,81.49036665
2.335933708,81.17314455
2.335635929,80.87281435
2.33533815,80.58947461
2.335040371,80.32115277
2.334742592,80.07230051
2.334442549,79.8152132
2.33414557,79.61785318
2.333850055,79.39073054
2.333551476,79.199001
2.333253697,79.01610322
2.332955918,78.85081901
2.332658139,78.6998112
2.33236036,78.56460101
2.332062581,78.44379546
2.331764802,78.33720966
2.331467023,78.24419539
2.331169244,78.1641102
2.330871465,78.09581099
2.330573686,78.03855321
2.330275907,77.99167516
2.329978127,77.95328152
2.329680348,77.92368786
2.329382569,77.90262383
2.32908479,77.88919545
2.328787011,77.87945256
2.328489232,77.87939942
2.328188165,77.84121345
2.327890108,77.87093822
2.327595618,77.83383141
2.327298116,77.81638268
2.327000337,77.78212664
2.326702558,77.74078753
2.326404779,77.68029135
2.326107,77.60160492
2.325809221,77.50069045
2.325511442,77.37559368
2.325213663,77.22360138
2.324915884,77.04532233
2.324618105,76.84068578
2.324320326,76.60835758
2.324022547,76.34836607
2.323724768,76.05997181
2.323426989,75.74548031
2.32312921,75.40632752
2.32283143,75.04609561
2.322533651,74.66569324
2.322235872,74.27889243
2.321935658,73.85098331
2.32163786,73.4649968
2.321344928,73.06553227
2.321047167,72.63434294
2.320746977,72.24696903
2.320449198,71.85950762
2.320151419,71.49669663
2.31985364,71.15679333
2.319555861,70.8491373
2.319258082,70.57578758
2.318960303,70.34141691
2.318662524,70.14833886
2.318364745,70.00092116
2.318066966,69.90528927
2.317769187,69.86410306
2.317471408,69.87770082
2.317173629,69.94426789
2.31687585,70.06188783
2.316578071,70.22945112
2.316280292,70.44594873
2.315982513,70.70589246
2.315684734,71.01348054
2.315385591,71.3294037
2.315090754,71.76031756
2.314794338,72.11220497
2.314493617,72.59731069
2.314195838,73.0480763
2.313898059,73.53673963
2.31360028,74.02074347
2.313302501,74.5127393
2.313004722,74.99166851
2.312706943,75.45486871
2.312409164,75.88816815
2.312111385,76.28815508
2.311813606,76.63977268
2.311515827,76.93543826
2.311218048,77.17337389
2.310920269,77.33129206
2.31062249,77.42151756
2.310324711,77.44031317
2.310026932,77.37976581
2.309729153,77.23078012
2.309431374,77.02398688
2.309130887,76.6729343
2.30883497,76.3884223
2.3085399,75.87788236
2.308240257,75.41948697
2.307942478,74.86488598
2.307644699,74.29805708
2.30734692,73.70361353
2.307049141,73.10398624
2.306751362,72.50778722
2.306453583,71.93072634
2.306155804,71.38343621
2.305858025,70.87832561
2.305560246,70.42365505
2.305262467,70.02691182
2.304964688,69.69182881
2.304666909,69.41946715
2.30436913,69.20845682
2.304071351,69.05338363
2.303773572,68.94997453
2.303475793,68.88229306
2.303178014,68.85981389
2.302877957,68.80492699
2.302580963,68.84211417
2.302285462,68.75481972
2.301986898,68.69289365
2.301689119,68.54244778
2.30139134,68.33899572
2.301093561,68.04935117
2.300795781,67.68502041
2.300498002,67.24868738
2.300200223,66.76186244
2.299902444,66.23965092
2.299604665,65.70556229
2.299306886,65.19062494
2.299009107,64.72458829
2.298711328,64.32853211
2.298413549,64.01720005
2.29811577,63.80139393
2.297817991,63.68124416
2.297520212,63.66246564
2.297222433,63.72491793
2.296924654,63.89702609
2.296623573,64.06530014
2.296325501,64.39880951
2.296031025,64.65190586
2.295733538,64.97713738
2.295435759,65.27629478
2.29513798,65.58800108
2.294840201,65.86911407
2.294542422,66.12443853
2.294244643,66.3382522
2.293946864,66.51374247
2.293649084,66.64796039
2.293351305,66.74298664
2.293053526,66.79105263
2.292755747,66.79747461
2.292457968,66.77358787
2.292160189,66.7173543
2.29186241,66.63919911
2.291564631,66.5534996
2.291266852,66.46170135
2.290969073,66.35734375
2.290671294,66.28908768
2.290371067,66.16007989
2.290073251,66.13263938
2.289780319,66.07506785
2.289482576,65.95469437
2.289182399,65.94329256
2.28888462,65.87999681
2.288586841,65.8405496
2.288289062,65.79901267
2.287991283,65.77311614
2.287693504,65.72789322
2.287395725,65.68913805
2.287097946,65.67622361
2.286800167,65.66724974
2.286502388,65.67580482
2.286204608,65.72861783
2.285906829,65.76743681
2.28560905,65.81461474
2.285311271,65.88230226
2.285013492,65.93260563
2.284715713,66.03312077
2.284417934,66.08959718
2.284120155,66.24445856
2.283820995,66.19747921
2.283526142,66.50071994
2.283229745,66.26123512
2.282929039,66.46436228
2.28263126,66.50869655
1.797844482,158.6499446
1.798144761,158.6388972
1.79844254,158.6276888
1.798740319,158.6164767
1.799038098,158.6053379
1.799335877,158.5941679
1.799633656,158.5829884
1.799931435,158.5717165
1.800229214,158.5604434
1.800526993,158.5490249
1.800824772,158.5374714
1.801122551,158.5257783
1.80142033,158.5138949
1.801718109,158.5017713
1.802015888,158.4895087
1.802313667,158.4769594
1.802611446,158.4643551
1.802909225,158.4514257
1.803207004,158.4386225
1.803506414,158.4253581
1.803802717,158.4128003
1.804098866,158.3994932
1.804398121,158.3865616
1.8046959,158.3736628
1.804993679,158.3608628
1.805291458,158.348181
1.805589237,158.3356934
1.805887016,158.323394
1.806184795,158.3113235
1.806482574,158.2995051
1.806780353,158.2880723
1.807078132,158.2768987
1.807375911,158.2662028
1.80767369,158.2558333
1.807971469,158.2460146
1.808269248,158.236667
1.808567027,158.2277663
1.808864806,158.2194854
1.809162585,158.2117154
1.809460364,158.2043828
1.809760852,158.1976163
1.810056976,158.1911203
1.975621069,157.3744344
1.97532329,157.3849677
1.975025511,157.3950818
1.97472516,157.4038672
1.974427163,157.4130455
1.97413423,157.4213466
1.973836669,157.4285109
1.973536616,157.4362067
1.973238837,157.4430566
1.966389919,157.4711781
1.966687698,157.4766717
1.972941058,157.4495755
1.972643278,157.4555989
1.96609214,157.4651481
1.966985477,157.4818754
1.972345499,157.4612907
1.951203188,157.9182738
1.950905409,157.932238
1.963412128,157.4291751
1.963709907,157.4291106
1.965794361,157.458995
1.967283256,157.4865652
1.97204772,157.4665924
1.951500967,157.9039277
1.950607629,157.9458748
1.95983878,157.5393804
1.959541001,157.5513876
1.963114349,157.4313239
1.964007686,157.4301787
1.965496582,157.4528242
1.970856604,157.484088
1.970558825,157.4876065
1.967583816,157.4901016
1.971749941,157.4714817
1.954478757,157.7550573
1.954776536,157.7408162
1.951798746,157.8893128
1.95030985,157.9590333
1.959243222,157.5631583
1.960136559,157.5273654
1.96281657,157.4347947
1.964305465,157.4329438
1.965198802,157.4469689
1.971154383,157.4802384
1.970261046,157.4908138
1.967880032,157.4934747
1.971452162,157.476029
1.954180978,157.7695805
1.95507494,157.7267662
1.952096525,157.8744977
1.950012071,157.9716922
1.958945443,157.5745887
1.960434338,157.5155257
1.962518791,157.4408165
1.964603244,157.4367287
1.964901023,157.4414972
1.969963267,157.493531
1.96817503,157.495719
1.953883199,157.7844056
1.955370289,157.7135957
1.94733206,158.0481244
1.947629839,158.043261
1.952394304,157.8595909
1.949714292,157.9837456
1.958647664,157.5858685
1.960732117,157.5041057
1.962221012,157.4484863
1.969665488,157.4957015
1.968474372,157.4976501
1.955667443,157.7000952
1.95358542,157.7993416
1.952692083,157.8445165
1.947034281,158.052079
1.947927618,158.0375488
1.949413059,157.9944974
1.958349885,157.5968622
1.961029896,157.4925305
1.961920325,157.4583177
1.969367709,157.4974206
1.968772151,157.4984299
1.956860989,157.6517359
1.957158768,157.6405287
1.953287641,157.8144228
1.955967652,157.6875133
1.952989862,157.8295303
1.946736502,158.0553657
1.948225397,158.0308121
1.949114827,158.0053292
1.958052106,157.607801
1.961329378,157.4806425
1.961624249,157.4690336
1.96906993,157.4983759
1.95656321,157.6632928
1.957456547,157.6294874
1.956265431,157.6751946
1.946438723,158.0579001
1.948523176,158.023165
1.948820503,158.014491
1.957754326,157.6186261
1.946140944,158.0598167
1.945843165,158.0611858
1.945247607,158.0624449
1.945545386,158.0620725
1.944949828,158.0623728
1.944652049,158.061857
1.94435427,158.0610141
1.944056491,158.0597187
1.943758712,158.0583829
1.943460933,158.0572002
1.943160569,158.0560752
1.942862554,158.0550691
1.942569621,158.054156
1.942272079,158.0526304
1.941972037,158.0511158
1.941674258,158.0493183
1.941376479,158.0471775
1.9410787,158.0449177
1.940780921,158.0424109
1.940483142,158.0397046
1.940185363,158.036859
1.939887584,158.0339089
1.939589805,158.0308867
1.939292026,158.027895
1.938994247,158.0248358
1.938696468,158.0218746
1.938398689,158.0189602
1.93810091,158.0162055
1.937803131,158.0135972
1.937505352,158.0112652
1.937207573,158.0090647
1.936909794,158.0071031
1.936610433,158.0053928
1.936315421,158.0036139
1.936019223,158.0024722
1.935718677,158.0010243
1.935420898,157.9998702
1.935123119,157.9986837
1.93482534,157.9974685
1.934527561,157.9961979
1.934229782,157.994809
1.933932003,157.9932794
1.933634224,157.9914871
1.933336445,157.9895206
1.933038666,157.9872084
1.932740887,157.9844981
1.932443108,157.9815775
1.932145329,157.9782942
1.93184755,157.9745328
1.931549771,157.9702971
1.931251992,157.9657785
1.930954213,157.9608249
1.930656434,157.9553343
1.930355729,157.9496993
1.930059638,157.9429798
1.929764785,157.9367472
1.929465318,157.9294238
1.929167539,157.9218604
1.92886976,157.9138326
1.92857198,157.9055243
1.928274201,157.8967421
1.927976422,157.8877
1.927678643,157.8784133
1.927380864,157.8687414
1.927083085,157.8588606
1.926785306,157.8488762
1.926487527,157.8386594
1.926189748,157.828453
1.925891969,157.8180504
1.92559419,157.8078939
1.925296411,157.797738
1.924998632,157.7877897
1.924700853,157.7781067
1.924403074,157.7688066
1.924102851,157.7605274
1.923805682,157.7518101
1.923510347,157.744904
1.923211958,157.7380015
1.922914179,157.7320989
1.9226164,157.7270672
1.922318621,157.7228827
1.922020842,157.7195627
1.921723063,157.7172999
1.921425284,157.7160382
1.921127504,157.7156082
1.920829725,157.7160874
1.920531946,157.717459
1.920234167,157.7195968
1.919936388,157.7226071
1.919638609,157.7262655
1.91934083,157.7306916
1.919043051,157.735545
1.918745272,157.7410091
1.918447493,157.7469574
1.918149714,157.7531435
1.917848467,157.7598842
1.917550221,157.7664325
1.91725591,157.7731982
1.916958598,157.7797104
1.916660819,157.7861089
1.91636304,157.7921293
1.916065261,157.7978059
1.915767482,157.8029996
1.915469703,157.8073916
1.915171924,157.8113712
1.914874145,157.8144282
1.914576366,157.8167199
1.914278587,157.8182329
1.913980807,157.8186775
1.913683028,157.8181038
1.913385249,157.8168179
1.91308747,157.8143962
1.912789691,157.8113253
1.912491912,157.8076432
1.912194133,157.8033899
1.911896354,157.7986509
1.911595979,157.7935936
1.911297945,157.7880169
1.911005012,157.7825357
1.910707488,157.7770558
1.910407459,157.7713247
1.91010968,157.7659825
1.909811901,157.7609477
1.909514122,157.7561642
1.909216343,157.7518207
1.908918564,157.7480729
1.908620785,157.744695
1.908323006,157.742135
1.908025227,157.7400029
1.907727448,157.7385593
1.907429669,157.7375529
1.90713189,157.7373153
1.906834111,157.7375405
1.906536331,157.7384437
1.906238552,157.7397812
1.905940773,157.7418353
1.905642994,157.7444877
1.905345215,157.7476235
1.905045837,157.7520095
1.90475081,157.7563136
1.90445463,157.7626424
1.904154099,157.7695091
1.90385632,157.7774481
1.903558541,157.7861294
1.903260762,157.7951841
1.902962983,157.804436
1.902665204,157.8140656
1.902367425,157.823783
1.902069646,157.8339585
1.901771867,157.844507
1.901474088,157.8553589
1.901176309,157.866395
1.90087853,157.8776566
1.900580751,157.8888697
1.900282972,157.9000375
1.899985193,157.911134
1.899687414,157.9221185
1.899389634,157.9328538
1.899091855,157.943323
1.898791132,157.9535186
1.898495027,157.9636926
1.898200192,157.9729271
1.897900739,157.9823766
1.89760296,157.9914502
1.897305181,158.000197
1.897007402,158.0087297
1.896709623,158.0169182
1.896411844,158.0248997
1.896114065,158.0326024
1.895816286,158.0399226
1.895518507,158.0468293
1.895220728,158.0533455
1.894922949,158.0593636
1.89462517,158.0647376
1.894327391,158.0695259
1.894029612,158.0736515
1.893731833,158.077027
1.893434054,158.0796179
1.893136275,158.0814773
1.892838496,158.0826703
1.892538259,158.0829439
1.892241076,158.0828333
1.891945755,158.0818707
1.891647379,158.0805678
1.8913496,158.0787908
1.891051821,158.0762422
1.890754042,158.0732636
1.890456263,158.0687851
2.055128073,156.3565111
2.054830294,156.3608093
2.054532515,156.3645337
2.054234736,156.3675
2.053936957,156.3699116
2.053639178,156.3716869
2.053341399,156.3728835
2.05304362,156.3734656
2.05274584,156.3734817
2.052448061,156.3729005
2.052150282,156.3719384
2.051852503,156.3704372
2.043514282,156.4308211
2.043216911,156.4394041
2.051554724,156.3685869
2.046194702,156.3669006
2.046492481,156.3625628
2.043808647,156.4225178
2.042919132,156.4483938
2.049172492,156.3521181
2.048874713,156.3510794
2.051256945,156.3664574
2.047088039,156.3558257
2.04679026,156.3587148
2.039941342,156.548511
2.039643563,156.5600845
2.045896923,156.372256
2.044106835,156.4143651
2.042621353,156.457421
2.048576934,156.3505308
2.049470271,156.3536399
2.050959166,156.3642599
2.031901308,157.0753086
2.031603529,157.1041776
2.047385818,156.3534944
2.040239121,156.5373831
2.039345784,156.5719173
2.045599143,156.3780625
2.044408027,156.4063841
2.042323574,156.4667129
2.048279155,156.3504334
2.049768719,156.3553086
2.050661387,156.3618463
2.032199087,157.0468801
2.031304223,157.1333569
2.047683597,156.3519158
2.0405369,156.5264954
2.039048005,156.5842912
2.045301364,156.3847471
2.044705806,156.3990746
2.042025795,156.4760541
2.034879098,156.8213426
2.035176877,156.7998124
2.047981376,156.3507824
2.050064109,156.3572422
2.05036122,156.3593067
2.032496866,157.0191056
2.031009254,157.1639678
2.040834679,156.5159116
2.038750226,156.5971133
2.045003585,156.3915664
2.041728016,156.4857893
2.034581319,156.843516
2.035474656,156.779045
2.032794645,156.9919295
2.030713002,157.1925575
2.041132458,156.5056201
2.038452447,156.6104002
2.041430237,156.4955058
2.03428354,156.8664826
2.037263448,156.6698248
2.036965851,156.6859543
2.035772435,156.7590386
2.033985761,156.8900754
2.033687982,156.9145159
2.02803018,157.4643432
2.028327959,157.4348273
2.033092424,156.9654767
2.030412412,157.223858
2.038154667,156.6242898
2.03755638,156.6541778
2.036665772,156.7034818
2.036070214,156.7397492
2.033390203,156.9396046
2.025350169,157.7193835
2.025647948,157.6922578
2.027732401,157.4936384
2.028625738,157.4050896
2.030114633,157.2540149
2.037854341,156.6387095
2.036367993,156.7212637
2.025049518,157.7449294
2.025945727,157.6645937
2.027434622,157.5227188
2.028923517,157.3750849
2.029816854,157.2843285
2.024753471,157.7718022
2.026243506,157.6367462
2.027136843,157.5515146
2.029221296,157.3450054
2.029519075,157.3147297
2.022372378,157.918588
2.022074599,157.9291722
2.024458564,157.793948
2.026541285,157.608561
2.026839064,157.5801518
2.022670157,157.9062463
2.02177682,157.9382769
2.024159053,157.8175738
2.022967936,157.8920933
2.021479041,157.9460997
2.023861274,157.8387033
2.023265715,157.8760959
2.021181262,157.9527346
2.023563494,157.8582937
2.020883483,157.9583239
2.019692367,157.9727165
2.020585704,157.9630154
2.020287925,157.9669037
2.019990146,157.9701312
2.019394588,157.9748139
2.019096809,157.9768664
2.018796627,157.9773822
2.018499502,157.9783326
2.018204126,157.9774024
2.017905693,157.9761298
2.017607914,157.9735681
2.017310135,157.9697655
2.017012356,157.9651251
2.016714577,157.9587298
2.016416797,157.9514971
2.016119018,157.9423124
2.015821239,157.9322287
2.01552346,157.9196331
2.015225681,157.9058688
2.014927902,157.8902355
2.014630123,157.8732912
2.014332344,157.8553038
2.014034565,157.8360978
2.013736786,157.8157805
2.013439007,157.7943492
2.013141228,157.7720392
2.012843449,157.749009
2.012542243,157.7256094
2.012244041,157.7008529
2.011949689,157.6771594
2.011652333,157.6523689
2.011354554,157.6272524
2.011056775,157.6014705
2.010758996,157.5751668
2.010461217,157.5480597
2.010163438,157.5202495
2.009865659,157.4917069
2.00956788,157.4624233
2.009270101,157.4322918
2.008972321,157.4014313
2.008674542,157.3698738
2.008376763,157.3376262
2.008078984,157.3048976
2.007781205,157.2716526
2.007483426,157.2380426
2.007185647,157.2039405
2.006887868,157.1696784
2.006590089,157.1352582
2.006289751,157.1015796
2.005991771,157.0663244
2.005698839,157.0332206
2.00540126,157.0011397
2.005101194,156.9673702
2.004803415,156.9354913
2.004505636,156.9042495
2.004207857,156.8737314
2.003910078,156.8440698
2.003612299,156.8152031
2.00331452,156.7872923
2.003016741,156.760274
2.002718962,156.7341977
2.002421183,156.7091905
2.002123404,156.6851876
2.001825624,156.6622941
2.001527845,156.640273
2.001230066,156.6192252
2.000932287,156.5989755
2.000634508,156.5794556
2.000336729,156.5605298
2.00003895,156.5420756
1.999739626,156.5249169
1.999444643,156.5060777
1.999148409,156.4909922
1.998847834,156.4733937
1.998550055,156.4572046
1.998252276,156.4412582
1.997954497,156.4256535
1.997656718,156.4105522
1.997358939,156.395928
1.99706116,156.3818685
1.996763381,156.3684771
1.996465602,156.3555587
1.996167823,156.3434866
1.995870044,156.3318905
1.995572265,156.3208869
1.995274486,156.3103808
1.994976707,156.30036
1.994678928,156.2907138
1.994381148,156.2815137
1.994083369,156.2725934
1.99378559,156.2636318
1.993484922,156.2562359
1.99318886,156.2472218
1.992893971,156.2414915
1.992594474,156.2345702
1.992296695,156.2292697
1.991998916,156.224558
1.991701137,156.2213435
1.991403358,156.2189732
1.991105579,156.2181069
1.9908078,156.2182486
1.990510021,156.2202004
1.990212242,156.2233252
1.989914463,156.2286068
1.989616684,156.2353182
1.989318905,156.2441271
1.989021126,156.2546226
1.988723347,156.267127
1.988425568,156.2816322
1.988127789,156.2975532
1.98783001,156.3153253
1.987532231,156.3334665
1.987232035,156.3530816
1.986934896,156.3731184
1.986639533,156.394392
1.986341114,156.4180172
1.986043335,156.4431204
1.985745556,156.469882
1.985447777,156.4980727
1.985149998,156.5276742
1.984852219,156.5585175
1.98455444,156.5902954
1.984256661,156.6229343
1.983958882,156.6561862
1.983661103,156.69
1.983363324,156.7241783
1.983065545,156.7585516
1.982767766,156.7930475
1.982469987,156.827755
1.982172208,156.8622494
1.981874429,156.896553
1.98157665,156.9304064
1.981278871,156.9637485
1.980977651,156.9956564
1.980679434,157.0284641
1.980385096,157.0577603
1.980087755,157.0871193
1.979789975,157.1153543
1.979492196,157.1421937
1.979194417,157.1678504
1.978896638,157.1921234
1.978598859,157.2149687
1.97830108,157.2364678
1.978003301,157.2567047
1.977705522,157.2754247
1.977407743,157.2929416
1.977109964,157.3091146
1.976812185,157.3241646
1.976514406,157.3380785
1.976216627,157.3510653
1.975918848,157.3631476
2.06525256,155.8764351
2.065550339,155.8595437
2.055425852,156.3516228
2.062573865,156.0395426
2.062868819,156.0207291
2.064954781,155.8935611
2.065848118,155.8436139
2.057808084,156.2865495
2.058105863,156.2750264
2.055723631,156.3461093
2.062277595,156.0566158
2.063168107,156.0026552
2.067337013,155.7732645
2.067039234,155.7859036
2.064657002,155.9111376
2.066145897,155.8280348
2.057510305,156.2974164
2.058403642,156.2627236
2.056023157,156.3395664
2.061976991,156.0750312
2.063465886,155.9842784
2.067634792,155.7611395
2.066741455,155.7992538
2.064359223,155.9291919
2.066443676,155.8133966
2.057212526,156.3074381
2.058701421,156.2497794
2.056318082,156.3333497
2.070910362,155.6566395
2.071208141,155.647934
2.063763665,155.9658396
2.061679212,156.0924845
2.067932572,155.7496481
2.064061444,155.9474647
2.081034849,155.3048243
2.08073707,155.3202646
2.059892537,156.1918484
2.060190316,156.176143
2.056914747,156.3168177
2.0589992,156.2360133
2.056614115,156.3249458
2.070612583,155.6653796
2.07150592,155.6390029
2.061381433,156.1098122
2.068230351,155.7388112
2.077461501,155.4705764
2.077163722,155.4812313
2.080439291,155.3356429
2.081333312,155.2889848
2.059594758,156.2070362
2.060488096,156.1601655
2.059296979,156.2218497
2.061083654,156.1269595
2.070314804,155.6739912
2.071803699,155.6299567
2.068530441,155.7281736
2.07775928,155.4594214
2.076865943,155.4910274
2.081628716,155.2735898
2.080141512,155.3508079
2.060785875,156.1436365
2.070017025,155.6825363
2.072101478,155.620935
2.068828057,155.7186962
2.074781489,155.5467978
2.075078875,155.5395016
2.078057059,155.4475232
2.076568164,155.5003186
2.081925812,155.2572455
2.079843733,155.3656763
2.069719246,155.6913842
2.072399257,155.6118567
2.069120989,155.7092343
2.07448371,155.5541098
2.075373254,155.532666
2.076270385,155.5089605
2.078354838,155.434994
2.082225965,155.2411098
2.079545954,155.3802685
2.069418932,155.699983
2.072697036,155.6029589
2.074185931,155.5615131
2.075671427,155.5246443
2.075972606,155.5172779
2.078652617,155.4220555
2.082523745,155.2248466
2.079248175,155.3946088
2.072994815,155.5941826
2.073888152,155.5692853
2.078950396,155.4085806
2.082821524,155.208666
2.073292594,155.5855644
2.073590373,155.5772069
2.083119303,155.1921861
2.083417082,155.1761512
2.084310419,155.1292716
2.083714861,155.1601229
2.084608198,155.1144991
2.08401264,155.1444896
2.084905977,155.1000267
2.085203756,155.0861749
2.085501535,155.0729409
2.085799314,155.060135
2.086097093,155.0477662
2.086394872,155.0362148
2.086692651,155.025008
2.08699043,155.013918
2.087288209,155.0034231
2.087587749,154.9930324
2.087882693,154.9829792
2.088178711,154.9739693
2.088479325,154.9646554
2.088777104,154.9563968
2.089074883,154.9488565
2.089372662,154.942167
2.089670442,154.9359601
2.089968221,154.9307313
2.090266,154.92621
2.090563779,154.9224693
2.090861558,154.9197378
2.091159337,154.9177551
2.091457116,154.9166798
2.091754895,154.916494
2.092052674,154.9174615
2.092350453,154.919149
2.092648232,154.9220949
2.092946011,154.9259541
2.09324379,154.9308901
2.093541569,154.9364953
2.093842188,154.943758
2.094138476,154.9500588
2.094433416,154.9594282
2.094732685,154.9677614
2.095030464,154.977454
2.095328243,154.9874056
2.095626022,154.9979159
2.095923801,155.008634
2.09622158,155.0199284
2.096519359,155.031494
2.096817138,155.0434792
2.097114918,155.0557278
2.097412697,155.0686228
2.097710476,155.0819984
2.098008255,155.0957838
2.098306034,155.1101455
2.098603813,155.1248079
2.098901592,155.1397896
2.099199371,155.155077
2.09949715,155.1702436
2.099794929,155.1852147
2.100095032,155.2007504
2.100392666,155.2147273
2.100685598,155.2287733
2.100983523,155.2431091
2.101283824,155.2560824
2.101581603,155.2688275
2.101879382,155.2811939
2.102177161,155.2928716
2.10247494,155.3042218
2.102772719,155.3150394
2.103070498,155.3257045
2.103368277,155.3359269
2.103666056,155.3460177
2.103963835,155.3560505
2.104261615,155.3659987
2.104559394,155.3760082
2.104857173,155.3860969
2.105154952,155.396292
2.105452731,155.4067584
2.10575051,155.4174684
2.106048289,155.4283632
2.106346068,155.4396177
2.106643467,155.4510331
2.106937861,155.4621992
2.10723602,155.4746146
2.107537184,155.486172
2.107834963,155.4983845
2.108132742,155.5105787
2.108430521,155.5225331
2.1087283,155.5345134
2.109026079,155.5461172
2.109323858,155.5576207
2.109621637,155.5686776
2.109919416,155.5793945
2.110217195,155.5895787
2.110514974,155.5993565
2.110812753,155.6086576
2.111110532,155.6173553
2.111408311,155.6255774
2.111706091,155.6333487
2.11200387,155.6406179
2.112301649,155.6473407
2.112599428,155.6538614
2.112897905,155.6599656
2.113193323,155.665394
2.113490404,155.6711028
2.113790544,155.676104
2.114088323,155.6811395
2.114386102,155.6858418
2.114683881,155.6904444
2.11498166,155.6949717
2.115279439,155.699067
2.115577218,155.7033797
2.115874997,155.707328
2.116172776,155.7112529
2.116470555,155.7150456
2.116768334,155.7186433
2.117066113,155.7223139
2.117363892,155.7255672
2.117661671,155.728885
2.11795945,155.7319212
2.118257229,155.7347378
2.118555008,155.7373816
2.118852788,155.7396953
2.119152342,155.7418344
2.119447304,155.7433916
2.119743308,155.7449063
2.120043904,155.7459463
2.120341683,155.7464022
2.120639462,155.7466456
2.120937241,155.7464795
2.12123502,155.745799
2.121532799,155.7448905
2.121830578,155.7436545
2.122128357,155.7420811
2.122426136,155.7402193
2.122723915,155.738304
2.123021694,155.7360256
2.123319473,155.7338852
2.123617252,155.7315786
2.123915031,155.7292304
2.12421281,155.7269906
2.124510589,155.7248181
2.124808368,155.7226307
2.125106147,155.7205532
2.12540678,155.718568
2.125703087,155.7164817
2.125998012,155.714765
2.126297264,155.7129694
2.126595043,155.7112858
2.126892822,155.7096483
2.127190601,155.7082183
2.12748838,155.7067578
2.127786159,155.7054933
2.128083938,155.7045052
2.128381717,155.7035856
2.128679496,155.7029025
0.192520204,234.0769691
0.192222425,234.0384393
0.191924646,233.9934734
0.191626867,233.9408299
0.191329088,233.8824442
0.191031309,233.8155141
0.19073353,233.7421046
0.190435751,233.6616332
0.190137972,233.5738595
0.189840193,233.4763327
0.189542415,233.3719774
0.189244636,233.2604384
0.185671288,231.7698247
0.185373509,231.6746036
0.187752343,232.628594
0.188050316,232.7662387
0.188946857,233.1436514
0.185969067,231.8741917
0.18507573,231.5884353
0.187457771,232.4991176
0.188351299,232.8946959
0.188649078,233.0215024
0.186266846,231.9875962
0.184777951,231.5095631
0.187160183,232.3659454
0.186564625,232.1084543
0.184480172,231.4398244
0.186862404,232.2351009
0.18209794,231.1717795
0.181797801,231.1856405
0.184182393,231.3757435
0.145768907,243.5194368
0.146066686,243.6074346
0.149642577,244.050923
0.14993551,244.0045062
0.154106718,241.3609927
0.154404497,241.0404438
0.156786728,238.7058615
0.156485732,238.9183311
0.17048456,233.2565832
0.170186781,233.3004237
0.182395719,231.1675295
0.18150011,231.2149177
0.183884614,231.3196486
0.145471128,243.4225565
0.146364465,243.6862052
0.149344729,244.0790017
0.150233219,243.9361822
0.152617823,242.7192974
0.152915602,242.4811164
0.154702275,240.7078834
0.153808939,241.6662124
0.155000054,240.3715544
0.156187744,239.1587738
0.157084507,238.5143829
0.155297833,240.039822
0.170782339,233.2132673
0.169889002,233.3459136
0.182693498,231.1784659
0.181207178,231.252792
0.183586835,231.2696184
0.145173349,243.318233
0.146662244,243.7567741
0.149044475,244.0889634
0.15053337,243.8505407
0.152320044,242.9410434
0.153213381,242.2266884
0.15351116,241.9550193
0.155893186,239.4241478
0.157382286,238.3406668
0.155595612,239.72134
0.163635644,235.0146284
0.163933423,234.8708022
0.171080118,233.1681241
0.169591223,233.3932664
0.17346235,232.6226336
0.173760129,232.5457051
0.177929034,232.1176493
0.177631255,232.1719749
0.175844582,232.2699512
0.176142361,232.2634193
0.179715708,231.6160266
0.180013487,231.5274513
0.182991277,231.1973447
0.180909311,231.3104088
0.183289056,231.2293032
0.14487557,243.2080816
0.146960023,243.8205309
0.147257802,243.879777
0.147555581,243.935001
0.148746697,244.0853626
0.150831149,243.7439418
0.152022265,243.1433772
0.159466739,237.3755056
0.15916896,237.5094017
0.157680065,238.1796382
0.163337865,235.1668744
0.164231202,234.7362949
0.171377897,233.1200285
0.169293444,233.4427806
0.173164571,232.703181
0.174057908,232.4771989
0.175546803,232.2808711
0.178226813,232.0488618
0.177333477,232.2117723
0.17644014,232.2576127
0.179417929,231.7051573
0.180311266,231.4483588
0.180609045,231.3716764
0.130878608,239.398355
0.131175533,239.2752248
0.144577791,243.0921555
0.14785336,243.9825729
0.148448918,244.0546466
0.151128928,243.6208142
0.151724486,243.3232845
0.158871181,237.6369902
0.159764518,237.2322959
0.157977844,238.0315673
0.163040086,235.327354
0.164528981,234.610365
0.166017876,234.0873715
0.166315655,234.0023442
0.16780455,233.696275
0.168993068,233.4945455
0.171675676,233.066128
0.168102329,233.6462545
0.172866792,232.7836379
0.174355687,232.4159459
0.174656496,232.3672219
0.17524777,232.2999212
0.178524592,231.9701317
0.177035698,232.2338431
0.176737919,232.2479081
0.174953017,232.3256432
0.17912015,231.7966028
0.135942202,238.8106455
0.136239981,238.7811593
0.131475519,239.1932089
0.130583041,239.541492
0.144280012,242.9695113
0.148151139,244.0223791
0.151426707,243.4809743
0.158573402,237.763813
0.160062297,237.0785749
0.158275623,237.8933248
0.162740114,235.4953012
0.16482676,234.4927155
0.166613434,233.9289083
0.165720097,234.1787008
0.167506771,233.7472663
0.171973455,233.0051525
0.168697235,233.5455422
0.168402059,233.5955975
0.172569013,232.8621963
0.178822371,231.8849611
0.135644424,238.8506631
0.13653776,238.7785315
0.130284403,239.7009888
0.131773298,239.1492853
0.123137709,242.9971046
0.143982234,242.8381641
0.160360076,236.9151384
0.172271234,232.9368028
0.162443204,235.6699458
0.165124539,234.3816837
0.166911213,233.8615365
0.165422318,234.2769839
0.167208992,233.8017962
0.135346645,238.9102818
0.136837477,238.7901574
0.129986624,239.8593635
0.132071077,239.1393698
0.123435488,242.9040986
0.139813328,239.9032434
0.140111107,240.1153998
0.142791118,242.1764079
0.142493339,241.9736628
0.143683183,242.6963835
0.160657855,236.7444322
0.162147623,235.8448362
0.135048866,238.9710174
0.137132634,238.8175849
0.129688845,240.0212465
0.132368855,239.1511226
0.133262192,239.2178974
0.133559971,239.2197525
0.123733267,242.8059261
0.13951555,239.7090662
0.140408886,240.3413344
0.143091913,242.3710932
0.14219556,241.7584648
0.143388415,242.5357021
0.160955633,236.5685616
0.16184897,236.0267317
0.134751087,239.0389101
0.137428482,238.8710167
0.132666634,239.1744455
0.129391066,240.1809633
0.132964413,239.1996654
0.13385775,239.1981687
0.124031046,242.7025783
0.138622213,239.2425251
0.139217771,239.5348399
0.140706665,240.5771552
0.138919992,239.3796591
0.141897781,241.5326489
0.161253412,236.3893882
0.161551191,236.2083324
0.134453308,239.1030221
0.137728876,238.9348782
0.129093287,240.3363251
0.134155529,239.1574865
0.124328605,242.5929675
0.138324434,239.123609
0.141004444,240.8181294
0.141600002,241.2994539
0.138026655,239.0200707
0.128795508,240.486078
0.124623149,242.4774329
0.141302223,241.0601089
0.126711056,241.4347056
0.127008835,241.2893377
0.12849773,240.6298628
0.124921152,242.3468297
0.126413277,241.5871168
0.127306614,241.1526638
0.128199951,240.7666483
0.125222162,242.2066562
0.127604393,241.0232522
0.126115498,241.7439379
0.127902172,240.896493
0.125519941,242.0572438
0.125817719,241.9018197
0.192817983,234.1103108
0.194304698,234.2055012
0.194604657,234.2096415
0.193115762,234.1390464
0.194007804,234.1957366
0.194902436,234.210562
0.193413541,234.1631625
0.193712208,234.1827304
0.195200215,234.2085065
0.195497994,234.2041852
0.195795773,234.1979925
0.19668911,234.1642952
0.196986889,234.1500712
0.196093552,234.1893933
0.196391331,234.1779712
0.197284668,234.1288263
0.197582447,234.1025632
0.198178005,234.0316219
0.198475784,233.9847781
0.197880226,234.0703776
0.198773563,233.929676
0.1996669,233.7149594
0.199071342,233.8665189
0.199369121,233.7947856
0.199966645,233.6248495
0.20026184,233.5322375
0.200557657,233.4234895
0.200858016,233.3078483
0.201155795,233.1780382
0.201453574,233.0365591
0.201751353,232.8832188
0.202049132,232.7186629
0.202346911,232.5427576
0.20264469,232.3553708
0.202942469,232.1575561
0.203240248,231.9504854
0.203538027,231.7356217
0.203835806,231.5157272
0.204133585,231.2954913
0.204431364,231.0794389
0.204729143,230.871944
0.205026922,230.6772312
0.205324701,230.4968873
0.20562248,230.33372
0.205920259,230.1898883
0.206221083,230.0616979
0.206517622,229.9549958
0.20681236,229.8558151
0.207111375,229.7650995
0.207409154,229.6767329
0.207706933,229.5897516
0.208004712,229.5011425
0.208302491,229.40983
0.20860027,229.3153162
0.208898049,229.2176793
0.209195828,229.1173408
0.209493607,229.0146134
0.209791386,228.9097191
0.210089165,228.802488
0.210386944,228.692305
0.210684723,228.5782271
0.210982502,228.459322
0.211280281,228.3349283
0.211578059,228.2049016
0.211875838,228.069346
0.212173617,227.928821
0.212473895,227.7806063
0.212771781,227.6333824
0.213064713,227.4840586
0.213362386,227.3284526
0.213662512,227.1741482
0.213960291,227.019291
0.21425807,226.865037
0.214555849,226.7115745
0.214853628,226.5591445
0.215151407,226.4082105
0.215449186,226.2592146
0.215746965,226.1125085
0.216044744,225.9682086
0.216342523,225.8266497
0.216640302,225.6882787
0.216938081,225.5536043
0.21723586,225.4229084
0.217533639,225.2967444
0.217831418,225.1751262
0.218129197,225.0583048
0.218426976,224.9457141
0.218724755,224.837047
0.219022359,224.7325315
0.219316945,224.6335584
0.219614902,224.5364471
0.219915871,224.44384
0.22021365,224.3565551
0.220511429,224.2736854
0.220809208,224.1950918
0.221106987,224.120208
0.221404766,224.0495368
0.221702545,223.9824603
0.222000324,223.9183049
0.222298103,223.8555082
0.222595882,223.7933993
0.222893661,223.7324622
0.22319144,223.6730091
0.223489219,223.6138272
0.223786998,223.5534792
0.224084777,223.4937844
0.224382556,223.4355537
0.224680335,223.3808597
0.224978114,223.3287115
0.225276795,223.282272
0.225572406,223.2382306
0.225869285,223.2004914
0.22616923,223.1635171
0.226467009,223.1320674
0.226764788,223.1020545
0.227062567,223.0755653
0.227360346,223.050458
0.227658125,223.0270179
0.227955904,223.0063515
0.228253683,222.9877022
0.228551462,222.9733965
0.228849241,222.9613214
0.22914702,222.9519675
0.229444799,222.9425499
0.229742578,222.9315168
0.230040357,222.9165579
0.230338136,222.8965686
0.230635915,222.8732696
0.230933694,222.8469749
0.231231473,222.8227963
0.231531233,222.8073978
0.231826446,222.7935921
0.232122249,222.8026692
0.232422589,222.8150346
0.232720368,222.8453291
0.233018147,222.8859712
0.233315926,222.9375224
0.233613705,222.9975705
0.233911484,223.0642928
0.234209263,223.1357234
0.234507042,223.2105789
0.234804821,223.2875608
0.2351026,223.3651662
0.235400379,223.442622
0.235698158,223.5194222
0.235995937,223.5950168
0.236293716,223.6690338
0.236591495,223.7413107
0.236889274,223.8118123
0.237187053,223.8806543
0.237484832,223.9478121
0.237785671,224.0169393
0.238082229,224.0774074
0.238376952,224.1442613
0.238675948,224.2066228
0.238973727,224.2695269
0.239271506,224.3323797
0.239569285,224.3953816
0.239867064,224.4585785
0.240164843,224.5220067
0.240462622,224.5857226
0.240760401,224.649688
0.24105818,224.7138997
0.241355959,224.7784996
0.241653738,224.8434062
0.241951517,224.9083824
0.242249296,224.9733008
0.242547075,225.0372049
0.242844854,225.100446
0.243142633,225.162695
0.243440412,225.2230438
0.243738191,225.2810873
0.244038481,225.3367031
0.244336386,225.3861043
0.244629318,225.4333698
0.244926972,225.4803078
0.245227086,225.5219479
0.245524865,225.5606149
0.245822644,225.5958699
0.246120423,225.6276713
0.246418202,225.6556493
0.246715981,225.6794766
0.24701376,225.6985772
0.247311539,225.7125005
0.247609318,225.7213503
0.247907097,225.7252626
0.248204876,225.7244401
0.248502655,225.718406
0.248800434,225.7076613
0.249098213,225.692459
0.249395992,225.6724032
0.249693771,225.6472503
0.24999155,225.6170009
0.250289329,225.5812161
0.250586947,225.5408793
0.250881548,225.4977187
0.25117949,225.4477984
0.251480445,225.394802
0.251778224,225.3356618
0.252076004,225.2711651
0.252373783,225.2009294
0.252671562,225.1247207
0.252969341,225.0419958
0.25326712,224.9523978
0.253564899,224.8560506
0.253862678,224.7532006
0.254160457,224.6441783
0.254458236,224.5292532
0.254756015,224.4088514
0.255053794,224.2832393
0.255351573,224.152598
0.255649352,224.0170746
0.255947131,223.8768629
0.25624491,223.732567
0.256542689,223.5849068
0.256841384,223.4326076
0.257137008,223.2828147
0.257433873,223.1243567
0.257733805,222.9677502
0.258031584,222.8065185
0.258329363,222.6431804
0.258627142,222.4761068
0.258924921,222.3049625
0.2592227,222.1315588
0.12283993,243.0847412
0.122542152,243.1668939
0.122244373,243.2435932
0.121946594,243.315035
0.121648815,243.3812499
0.121351036,243.4457927
0.121053257,243.511024
0.120755478,243.5811846
0.120457699,243.6589521
0.12015992,243.7452897
0.119862142,243.840805
0.055839718,274.469668
0.119564363,243.942601
0.056137497,274.2656062
0.119266584,244.0495935
0.056435275,274.0976962
0.118968805,244.1616358
0.085617576,257.9702117
0.085915355,257.8036621
0.060008616,272.4446769
0.059710837,272.6226568
0.056733053,273.9379871
0.118668642,244.2775082
0.085319798,258.1305837
0.086215585,257.6339475
0.060306394,272.2365547
0.059413059,272.7756871
0.057030832,273.7642941
0.11241767,245.2280274
0.112715448,245.1264867
0.118370914,244.3935006
0.085022019,258.288935
0.086513394,257.4822047
0.060604173,272.0047816
0.05911528,272.9021485
0.05732861,273.5698497
0.112118601,245.3256817
0.113013227,245.0228873
0.118077981,244.5042098
0.083533125,259.1189041
0.083830904,258.958445
0.08472424,258.457719
0.086806327,257.3779869
0.060901951,271.761729
0.058817502,272.9999248
0.057626388,273.37841
0.114799901,244.791492
0.115097679,244.822452
0.111823817,245.4180865
0.113311006,244.9270746
0.117780152,244.609536
0.097230949,251.577599
0.097528728,251.4115123
0.103782083,248.8039967
0.104079862,248.6338281
0.099610959,250.4654585
0.099910958,250.4241628
0.083235347,259.2906049
0.084128683,258.7975268
0.087999806,257.1747568
0.088297585,257.1142119
0.084426461,258.6296547
0.087104074,257.3100669
0.061199481,271.5217329
0.058519724,273.0710705
0.057924167,273.2355301
0.111527335,245.5139247
0.114502122,244.7731279
0.115395458,244.8590545
0.113608785,244.8493471
0.11747991,244.7061346
0.09693317,251.7476442
0.097826506,251.2483501
0.098124285,251.0866555
0.103484304,248.9789414
0.104377641,248.4697972
0.099314018,250.527536
0.100208737,250.3972444
0.098422064,250.9249117
0.082937568,259.4787299
0.087702028,257.2205877
0.088595364,257.019064
0.087404249,257.2623716
0.061792031,271.0798468
0.061493994,271.2952157
0.058221945,273.140613
0.111226554,245.6113925
0.114204343,244.7729685
0.115693237,244.8918398
0.113906564,244.7928056
0.117182132,244.7868188
0.093356581,254.0721904
0.093058562,254.2604666
0.095444276,252.6301553
0.095742055,252.4448917
0.096635391,251.9210452
0.103186525,249.157446
0.104675419,248.3128414
0.099018466,250.6336638
0.100506516,250.3824753
0.098719843,250.7687641
0.079066445,261.9429756
0.078768666,262.13691
0.082639789,259.6739162
0.088893143,256.9014173
0.062390843,270.6579484
0.062093065,270.8652265
0.110928775,245.7059712
0.115991016,244.9101929
0.116884353,244.8494463
0.092764033,254.4454894
0.093657603,253.8824388
0.095146497,252.8328454
0.096039833,252.2688504
0.096337612,252.0950998
0.102888746,249.3388466
0.104973198,248.1626207
0.100804295,250.3513716
0.078470887,262.3245702
0.079364223,261.7500482
0.08234201,259.8677458
0.089190921,256.7612273
0.0671553,268.196662
0.067453908,268.1428226
0.064177514,269.5050958
0.064475293,269.3128218
0.062688622,270.4484492
0.110630996,245.795995
0.116288795,244.9103288
0.116586574,244.8917433
0.09455094,253.2665528
0.093955382,253.6858808
0.092466488,254.6365755
0.094253161,253.4805394
0.094848718,253.0482041
0.102590967,249.5226054
0.1052729,248.0179422
0.101102073,250.2876139
0.074599765,263.8219785
0.074299336,263.9927007
0.076386437,262.971373
0.078173109,262.4978087
0.079662002,261.5569599
0.080853117,260.7792529
0.081150896,260.5961471
0.082044232,260.0568108
0.0894887,256.6048799
0.076684215,262.9283216
0.066857521,268.2477664
0.067749445,268.0607486
0.063879736,269.6960718
0.064773071,269.1423492
0.0629864,270.2395276
0.108844323,246.4195442
0.108546544,246.5524713
0.110333218,245.8827327
0.090977594,255.6420512
0.091275373,255.4353713
0.092168709,254.8310294
0.102293189,249.7064163
0.105568038,247.8822159
0.101399852,250.1867116
0.074003455,264.1697138
0.074897543,263.6506846
0.076088658,263.0369487
0.07787533,262.6453304
0.07996277,261.3583672
0.080554031,260.9695841
0.081448674,260.4179563
0.081746453,260.2398791
0.089786479,256.433872
0.076981994,262.890017
0.072515314,265.070939
0.072217536,265.2812108
0.066559742,268.3162158
0.068046402,267.940839
0.063581957,269.8733055
0.06507085,268.9915437
0.063284179,270.047209
0.109142102,246.2919526
0.108248766,246.6872432
0.110035439,245.9709632
0.090679815,255.8489486
0.091573152,255.2307752
0.09187093,255.0291923
0.10199541,249.8844538
0.105863902,247.7476699
0.101697631,250.0484941
0.073708338,264.3570448
0.075195322,263.4727968
0.075790879,263.1390699
0.090084258,256.249026
0.080259231,261.1630139
0.077577551,262.7539545
0.077279773,262.8360515
0.07340865,264.5388949
0.069835307,266.8428279
0.070133085,266.6448995
0.072813093,264.880072
0.071919757,265.4928553
0.073110871,264.7094867
0.066261964,268.4127297
0.068346414,267.784306
0.065368628,268.8447472
0.109439881,246.1737626
0.107950987,246.8203805
0.10973766,246.064804
0.090382037,256.0526403
0.106164314,247.6142818
0.075493101,263.2953893
0.069537528,267.0399288
0.070430864,266.4507056
0.071621978,265.6948526
0.065964185,268.5441841
0.068644192,267.6089579
0.065666407,268.6941514
0.107653208,246.9517926
0.106462092,247.4815819
0.06923975,267.2339944
0.070728643,266.2629323
0.0713242,265.8894112
0.068941971,267.4240674
0.107355429,247.0836423
0.106759871,247.3487649
0.071026421,266.0776483
0.10705765,247.2160625
0.027848621,291.7098366
0.027550845,291.6431495
0.028146398,291.7224814
0.027253069,291.6696661
0.044524148,280.4376171
0.044821926,280.3600173
0.028444174,291.5749444
0.026955293,291.996281
0.04422637,280.4403387
0.045119704,280.2227915
0.03439971,286.608164
0.034697487,286.188966
0.02874195,291.3214247
0.026657517,292.3331208
0.030227569,289.8510058
0.03052861,289.6057438
0.043928593,280.4012218
0.045417482,280.0495525
0.048097485,278.7714401
0.048398239,278.6480777
0.034101933,287.0379231
0.034995264,285.8021022
0.026359741,292.4502394
0.029039727,291.019621
0.029337503,290.714828
0.029929509,290.132844
0.030826386,289.5198395
0.029635016,290.4149673
0.03142194,289.0698109
0.04571526,279.8682405
0.043630815,280.3787859
0.048694676,278.5575141
0.047799706,278.9045651
0.046013038,279.6993364
0.046310816,279.5502403
0.055241765,274.9457159
0.055539533,274.709999
0.033804156,287.4488031
0.035293042,285.4105967
0.032017493,288.3912995
0.03231527,288.3219097
0.031719717,288.640548
0.026061965,292.4237595
0.031124163,289.4040181
0.041248592,281.5335746
0.040950814,281.7156757
0.043333037,280.4235764
0.048989495,278.5118975
0.047501928,279.0315574
0.046608594,279.4197184
0.054948833,275.1886838
0.021896407,293.5884201
0.022194157,293.5908555
0.017428143,299.095853
0.017724509,298.3316745
0.033506378,287.8085082
0.035590819,285.0814678
0.032613047,288.3129493
0.02576419,292.4748647
0.040653037,281.8976464
0.04154637,281.339278
0.043035259,280.625956
0.049288597,278.4289403
0.04720415,279.1659766
0.046906372,279.2963437
0.054651045,275.4462658
0.054053048,275.9068412
0.05375527,276.1198419
0.021595364,293.7984566
0.022488642,293.602873
0.017130382,299.7738488
0.018022287,297.5609546
0.033208601,288.0822268
0.035889413,284.9104209
0.032910824,288.254974
0.025466414,292.6688689
0.040355259,282.100639
0.041844148,281.1822093
0.042734816,280.8613537
0.049586375,278.2639957
0.052266379,277.3016666
0.052564157,277.0806609
0.053457492,276.3458875
0.054350827,275.6882816
0.021297647,294.0537587
0.022786423,293.2830597
0.016831239,300.3362307
0.018318516,297.0230171
0.036184929,284.7536599
0.025168638,292.8458153
0.040057481,282.2973613
0.042143822,281.1031247
0.042438913,281.0099688
0.049884153,278.0439406
0.051968601,277.4899475
0.052861935,276.8392634
0.053159714,276.5896916
0.037377483,283.624881
0.037675261,283.5872281
0.023084203,292.8642915
0.020999867,294.3944389
0.019213296,295.5899215
0.016533525,300.906583
0.018612998,296.7357429
0.018912291,296.3099405
0.036481907,284.5079293
0.024870863,293.013142
0.039759704,282.4847275
0.050181931,277.8441334
0.051670822,277.6304511
6.62E-05,7459.437374
0.037079706,283.7569741
0.037973038,283.5690408
0.023381984,292.857371
0.020702087,294.6864302
0.019511075,295.1846482
0.016235749,301.6492582
0.036781928,284.1232752
0.024573087,293.1603787
0.039461926,282.6808844
0.05047971,277.7634938
0.051373044,277.7189397
1.63E-04,3892.509524
0.038270816,283.4909918
0.023677328,293.0331442
0.020404308,294.9077717
0.019808854,295.0895853
0.015640196,304.550555
0.015342473,305.5798432
0.015937972,303.1264995
0.023975124,293.230424
0.024275312,293.2486858
0.038866371,283.1226969
0.039164148,282.8973943
0.050777488,277.7426788
0.051075266,277.7456957
7.73E-04,1426.484736
2.84E-04,2707.02137
9.88E-04,1227.526034
0.01296044,321.2080088
0.012658926,324.6773576
0.038568593,283.3317531
0.02010658,295.0457734
0.01504475,306.6270078
5.87E-04,1695.558154
4.25E-04,2086.907981
0.001235161,1069.836099
0.00819655,374.4847938
0.008494303,368.6787259
0.012361147,328.2611289
0.013258212,318.3108158
0.014746975,308.1540672
0.001519334,942.797417
0.00730341,395.6309769
0.007898799,381.0416815
0.008792058,363.3756925
0.007601103,388.1774508
0.012067233,330.8755865
0.013555985,315.6658359
0.014449201,309.6310263
0.001846175,839.6053987
0.005219426,467.8386572
0.005517134,454.7015459
0.007005669,403.6938381
0.009982993,343.5817173
0.010280756,340.8851776
0.009089763,357.8585711
0.011769463,332.1014766
0.013853705,313.2606933
0.014151427,311.2498481
0.002222071,753.3039898
0.004924173,482.1066944
0.00581485,442.6875625
0.006707931,412.3922166
0.011471695,333.6056869
0.010878975,337.2759526
0.009685231,347.8579749
0.010578457,338.9130275
0.00938747,352.4614345
0.002710718,671.8446145
0.004626589,498.1958047
0.006109525,431.8701729
0.006407296,421.8274038
0.011176691,335.5228004
0.003136,618.8764041
0.004326426,516.6925309
0.00343358,587.6898327
0.004028831,537.4108728
0.003731193,560.6602005
0.383992109,203.8054146
0.384289888,203.745927
0.384587667,203.6869477
0.384885446,203.6283928
0.385183225,203.5702367
0.385481004,203.5125035
0.385778783,203.455317
0.386076562,203.3987696
0.386374341,203.3430687
0.38667212,203.2882798
0.386969899,203.2345777
0.387267678,203.1820586
0.387565457,203.1308307
0.387863236,203.0810033
0.388161015,203.0327187
0.390543247,202.7017043
0.390245468,202.7395286
0.388458794,202.9860771
0.393223259,202.3299617
0.393521038,202.2854605
0.389945218,202.7777126
0.390841026,202.6637824
0.388756573,202.9411528
0.39292548,202.3744464
0.393818817,202.2413238
0.391138805,202.6253335
0.38964949,202.8168368
0.389054352,202.8980456
0.392627701,202.418543
0.394116596,202.1979525
0.399476618,201.7113202
0.399774397,201.6959361
0.391436584,202.5860606
0.389354184,202.8559774
0.392329921,202.4619216
0.394414375,202.1557703
0.396498828,201.9081117
0.396796607,201.8808365
0.399178839,201.7260311
0.400072176,201.6799223
0.391734363,202.5457527
0.392032142,202.504363
0.394712154,202.1150744
0.396199922,201.9374749
0.397094386,201.8561934
0.39888106,201.7417481
0.400369955,201.6626213
0.395009933,202.0761729
0.395905273,201.969155
0.397392165,201.833144
0.398583281,201.7578917
0.400667734,201.6439193
0.395307712,202.0390684
0.395608622,202.002823
0.397689944,201.8123025
0.402749913,201.4566258
0.403049966,201.4203628
0.398285502,201.774887
0.400965513,201.6235421
0.397987723,201.7928181
0.402452351,201.4909812
0.403347745,201.3812575
0.401263292,201.601313
0.402159419,201.5217984
0.403645525,201.3396026
0.401561071,201.5771423
0.401861423,201.5501417
0.403943304,201.2953284
0.404241083,201.2485304
0.404538862,201.199378
0.406623315,200.819476
0.406921094,200.7633558
0.404836641,201.1482402
0.406325536,200.8754796
0.407218873,200.7073422
0.40513442,201.0954864
0.407516652,200.6517327
0.406027757,200.9312365
0.405432199,201.0415028
0.405729978,200.9866442
0.407814431,200.596779
0.40870457,200.4385809
0.409002439,200.3876305
0.410494442,200.1588884
0.40811221,200.5427125
0.408409901,200.4897077
0.409303326,200.3381403
0.410196663,200.201935
0.410792221,200.1168442
0.409601105,200.2908752
0.409898884,200.2454654
0.41109,200.0778084
0.411387779,200.0406065
0.411685558,200.0073211
0.411983337,199.9753091
0.412281116,199.9466834
0.412578895,199.9192366
0.412876674,199.8952952
0.413174453,199.8730199
0.413472232,199.8545238
0.413770011,199.8377515
0.41406779,199.8248386
0.41436557,199.8135935
0.414664338,199.8063863
0.414960032,199.7993353
0.415256823,199.7982812
0.415556686,199.7962408
0.415854465,199.7975738
0.416152244,199.8009403
0.416450023,199.8061831
0.416747802,199.8136483
0.417045581,199.822877
0.41734336,199.8342933
0.417641139,199.847583
0.417938918,199.8628462
0.418236697,199.8799975
0.418534476,199.8992969
0.418832255,199.9202811
0.419130034,199.9433269
0.419427813,199.9681511
0.419725592,199.9950581
0.420023371,200.0236586
0.42032115,200.0542206
0.420618929,200.0861482
0.420918776,200.1214068
0.4212141,200.1535259
0.421509813,200.1935072
0.421810045,200.2308729
0.422107824,200.270998
0.422405603,200.3123267
0.422703382,200.3548512
0.423001161,200.3986614
0.42329894,200.4435355
0.423596719,200.489573
0.423894498,200.5365501
0.424192277,200.5845288
0.424490057,200.6333236
0.424787836,200.6829446
0.425085615,200.7332389
0.425383394,200.7842303
0.425681173,200.8357767
0.425978952,200.8878919
0.426276731,200.940433
0.42657451,200.9933777
0.426872289,201.0463067
0.427173214,201.1021589
0.427469883,201.1519112
0.427764517,201.208012
0.428063405,201.2612319
0.428361184,201.3157889
0.428658963,201.3706989
0.428956742,201.4260471
0.429254521,201.4818722
0.4295523,201.5381775
0.429850079,201.5948903
0.430147858,201.6518475
0.430445637,201.7088676
0.430743416,201.7657805
0.431041195,201.82242
0.431338974,201.8787113
0.431636753,201.9345837
0.431934532,201.9900272
0.432232311,202.0451156
0.43253009,202.0998967
0.432827869,202.1544597
0.433125648,202.208533
0.433426012,202.2646319
0.433724027,202.3167928
0.434016959,202.3692397
0.434314503,202.4239862
0.434614544,202.4755145
0.434912323,202.5271529
0.435210102,202.5777619
0.435507881,202.6272339
0.43580566,202.6753054
0.436103439,202.7222034
0.436401218,202.7674043
0.436698997,202.8116459
0.436996776,202.8541562
0.437294555,202.895587
0.437592334,202.9357815
0.437890113,202.974655
0.438187892,203.012397
0.438485671,203.048749
0.43878345,203.0840356
0.439081229,203.1179842
0.439379008,203.150794
0.439676787,203.1818427
0.439974492,203.212297
0.440269176,203.2399047
0.44056703,203.2690096
0.440867903,203.2949052
0.441165682,203.3199774
0.441463461,203.344029
0.44176124,203.366661
0.442059019,203.3885448
0.442356798,203.4095537
0.442654577,203.4298397
0.442952356,203.4493986
0.443250135,203.4682889
0.443547914,203.4865366
0.443845693,203.5042192
0.444143472,203.5212975
0.444441251,203.5377214
0.444739031,203.5534522
0.44503681,203.5685798
0.445334589,203.5830495
0.445632368,203.5967376
0.445930147,203.6095882
0.44622893,203.6217598
0.446524637,203.6320236
0.446821414,203.6422712
0.447121263,203.6505154
0.447419042,203.6576328
0.447716821,203.6633921
0.4480146,203.6677357
0.448312379,203.6705492
0.448610158,203.6715138
0.448907937,203.6707117
0.449205716,203.6676679
0.449503495,203.662744
0.449801274,203.6556721
0.450099053,203.6463984
0.450396832,203.6343762
0.450694611,203.6196882
0.45099239,203.6023036
0.451290169,203.5822506
0.451587948,203.559596
0.451885727,203.5344034
0.452183506,203.5066804
0.452483367,203.4755245
0.45277871,203.4437362
0.453074408,203.4069289
0.453374622,203.3687454
0.453672401,203.3277232
0.45397018,203.2844035
0.454267959,203.2387691
0.454565739,203.1909122
0.454863518,203.1408688
0.455161297,203.0886275
0.455459076,203.0343971
0.455756855,202.9783986
0.456054634,202.9208897
0.456352413,202.8617718
0.456650192,202.8006941
0.456947971,202.7377705
0.45724575,202.6733911
0.457543529,202.6075454
0.457841308,202.5404073
0.458139087,202.4721053
0.458436866,202.4033667
0.458737806,202.3327268
0.459034493,202.2655139
0.459329113,202.1967226
0.459627982,202.1294099
0.459925761,202.0633306
0.46022354,201.9987712
0.460521319,201.935932
0.460819098,201.8750735
0.461116877,201.8163869
0.461414656,201.7596224
0.461712435,201.7047506
0.462010214,201.6518768
0.462307993,201.6008864
0.462605772,201.5517852
0.462903551,201.5043127
0.46320133,201.4584949
0.463499109,201.4140898
0.463796888,201.3711387
0.464094668,201.3293385
0.493872571,197.2073186
0.49417035,197.1802038
0.467072458,200.9297147
0.466774679,200.9709766
0.481068072,198.5721516
0.481365851,198.531766
0.493574792,197.2346923
0.494468129,197.1533548
0.485534758,198.0387035
0.485832537,198.0068441
0.464392447,201.2886061
0.467370237,200.8878047
0.4664769,201.0116189
0.480770293,198.6133264
0.48166363,198.4922524
0.493277013,197.2623169
0.494765908,197.1268221
0.485236979,198.07079
0.486130316,197.9753427
0.487321432,197.8501205
0.487619211,197.8192162
0.498041477,196.8373833
0.497743698,196.8646744
0.503997058,196.2293648
0.504294837,196.1969847
0.500423709,196.6045409
0.500721488,196.5740855
0.464690226,201.2486453
0.467668016,200.8451939
0.466179121,201.0517057
0.480472514,198.6552587
0.481961409,198.4535755
0.492979234,197.2902302
0.495063687,197.1005999
0.4849392,198.1029658
0.486428095,197.9438731
0.487023653,197.8812231
0.48791699,197.7885472
0.498339256,196.8096759
0.497443682,196.8916276
0.507570406,195.8082185
0.507868185,195.7690009
0.503696212,196.2615463
0.504592616,196.1644038
0.50012593,196.6348073
0.501019267,196.5434723
0.464990602,201.2084246
0.467965795,200.8018295
0.465879092,201.0913025
0.480174735,198.697963
0.482259188,198.4156651
0.474814713,199.595942
0.475112492,199.5399352
0.490893708,197.4905846
0.491192559,197.4612717
0.492681455,197.3183559
0.495361466,197.074551
0.486725874,197.9124857
0.484639004,198.1356174
0.488214769,197.7581089
0.498637035,196.7815241
0.497146175,196.9184373
0.507272627,195.8468781
0.508165964,195.7293373
0.509653849,195.5281786
0.509950596,195.4874605
0.503398388,196.2940533
0.504890395,196.1314235
0.499828151,196.6648293
0.501317046,196.512719
0.498934814,196.7529335
0.465288634,201.1695809
0.468263574,200.7577063
0.465581567,201.1311059
0.482556967,198.3784611
0.479876956,198.7413899
0.474516934,199.6523611
0.475410271,199.4844221
0.477793521,199.0650726
0.477494724,199.1149318
0.490599103,197.5199422
0.491490338,197.4324503
0.492383676,197.3465312
0.495659245,197.0485976
0.488512548,197.7278773
0.48434332,198.1687064
0.496853242,196.9443241
0.506974848,195.8849095
0.508463743,195.6893628
0.509358113,195.5678972
0.510250417,195.4474115
0.503103676,196.3251838
0.505188174,196.098048
0.499530372,196.6945544
0.501614826,196.4818264
0.505783732,196.0297624
0.499232593,196.723932
0.468561353,200.7127922
0.468859132,200.6669797
0.469156911,200.6202113
0.482854746,198.3419193
0.479579177,198.7855444
0.47868584,198.9221264
0.472730259,199.9931739
0.47243248,200.0491771
0.474219155,199.7091349
0.47570805,199.429431
0.478089243,199.0174186
0.477196945,199.1652095
0.478386005,198.9691802
0.490302398,197.5489847
0.491788117,197.4037175
0.492085896,197.3749243
0.495957024,197.0226575
0.488810327,197.697874
0.484047959,198.2014871
0.496555192,196.9702982
0.506677069,195.9222491
0.508761522,195.6491703
0.510548197,195.4079567
0.509059301,195.6087953
0.506081511,195.9946807
0.505485953,196.0641883
0.502805942,196.3568845
0.501912605,196.4508123
0.470348027,200.4235429
0.470645806,200.3722057
0.46945469,200.5724629
0.483152526,198.305995
0.479281398,198.8303834
0.478983619,198.8759251
0.472131621,200.1043875
0.473028038,199.9368401
0.473921376,199.7661566
0.476005829,199.3750771
0.476899166,199.2164121
0.490001443,197.5790257
0.496254803,196.996721
0.489108106,197.668011
0.483748084,198.2360234
0.50637929,195.9588574
0.502508163,196.3883637
0.502210384,196.4196645
0.470050248,200.4740399
0.470943585,200.3199876
0.469752469,200.5237277
0.483450305,198.2706568
0.471833782,200.1601943
0.473325817,199.8802039
0.476303608,199.3214192
0.473623597,199.8232517
0.476601387,199.2685164
0.489703664,197.608547
0.489405885,197.638219
0.471241364,200.2669734
0.471539084,200.2130722
0.284533916,215.2150148
0.284236137,215.2115426
0.308356237,214.4335355
0.308654016,214.4324719
0.284831695,215.2193636
0.283938358,215.209738
0.308056147,214.4315653
0.308951795,214.427868
0.285129474,215.2245762
0.283640579,215.2095029
0.30775853,214.4261762
0.309249574,214.4188876
0.285427253,215.2302926
0.2833428,215.212035
0.311631806,214.2101488
0.311929585,214.1684815
0.307167657,214.4098142
0.307465598,214.4186909
0.309547353,214.4060491
0.302996215,214.532547
0.302698436,214.5750392
0.305080668,214.3609176
0.305378447,214.3597291
0.306867342,214.3987082
0.277684998,215.6013918
0.277982777,215.5635992
0.285725032,215.2366031
0.283045021,215.2161246
0.311334027,214.2487467
0.312227364,214.1240639
0.309845132,214.3895761
0.303293994,214.4927979
0.302400657,214.6183203
0.304782889,214.368537
0.305676226,214.3623258
0.306569563,214.3878276
0.264284943,219.3004637
0.264582722,219.145968
0.277387219,215.6420349
0.278280556,215.5278148
0.281258347,215.2863032
0.281556126,215.2700145
0.286022811,215.2435753
0.282744079,215.2244085
0.316694049,213.329287
0.311036248,214.2840089
0.312525143,214.0772925
0.310142911,214.3686969
0.303591773,214.4572165
0.302102878,214.6623485
0.30448511,214.3809903
0.305974005,214.368758
0.306271784,214.377547
0.259520479,221.9567192
0.263987164,219.4554915
0.264880501,218.990898
0.27708944,215.6843757
0.278578335,215.4951187
0.28006723,215.3639739
0.280365009,215.3429443
0.280960567,215.3036621
0.281853905,215.2560473
0.28632059,215.2513776
0.282446151,215.2319695
0.31639627,213.3847757
0.313716127,213.8741797
0.314010755,213.8221949
0.310738469,214.3158049
0.312822922,214.0285347
0.31044069,214.3440695
0.301805099,214.7057562
0.303889552,214.425565
0.304187331,214.4002522
0.259818258,221.7811641
0.263686841,219.609714
0.26517828,218.8340954
0.289893938,215.3315761
0.290191717,215.3326437
0.286618369,215.2598511
0.276791661,215.7293123
0.278876114,215.4643382
0.279769451,215.3867019
0.280662788,215.322647
0.282151537,215.2434382
0.316098491,213.4403792
0.31341848,213.9266033
0.314308668,213.7682324
0.313120701,213.9781676
0.301506139,214.7480512
0.260116037,221.6054253
0.263391054,219.7689616
0.265476059,218.6741676
0.289596159,215.3297951
0.290489496,215.3327617
0.286916148,215.2689115
0.275302766,215.9732904
0.275603069,215.9224445
0.276491559,215.7761604
0.279173893,215.436586
0.279471672,215.4104446
0.296742855,215.0904938
0.297040634,215.0814208
0.315800712,213.4958535
0.314609596,213.7143862
0.300018424,214.918072
0.300316203,214.8907134
0.301211445,214.7877171
0.260413816,221.4300098
0.262498269,220.244967
0.269049407,216.8876975
0.26935026,216.8017362
0.263095822,219.9211801
0.265773838,218.5095478
0.262796048,220.0836466
0.28929838,215.3272261
0.290787275,215.3315685
0.287213927,215.2783574
0.275004987,216.0240269
0.275900991,215.8729199
0.276193924,215.8244353
0.296445076,215.0991236
0.297338413,215.0716497
0.294360623,215.1778987
0.294660412,215.1629891
0.315502933,213.5510213
0.314907375,213.6602574
0.299720645,214.9425077
0.300613983,214.8598217
0.30091485,214.8252054
0.260711595,221.2555319
0.26220049,220.4086086
0.268751628,216.9846956
0.269646837,216.7366536
0.266071617,218.3407768
0.288405974,215.3138197
0.291085054,215.3286291
0.288998462,215.3243815
0.288701612,215.3189447
0.287511706,215.2880115
0.274707208,216.0746442
0.294062844,215.1943291
0.296147297,215.1076505
0.297636192,215.0609224
0.294955662,215.1485804
0.315205154,213.6058282
0.298529529,215.020159
0.299422866,214.9646301
0.298827308,215.003333
0.261009374,221.0825157
0.261902711,220.5742501
0.268453849,217.0962189
0.269941545,216.6796242
0.266369396,218.1705614
0.288107264,215.306148
0.291382833,215.3235398
0.287809485,215.2974732
0.274409429,216.1247057
0.293169507,215.2468703
0.293467286,215.229263
0.293765065,215.2115843
0.295849518,215.1165023
0.297933971,215.0489018
0.295251435,215.137392
0.29823175,215.0353462
0.299125087,214.9848358
0.261307153,220.911246
0.261604932,220.741812
0.272027197,216.4565243
0.271729418,216.4849009
0.26815607,217.2213627
0.270240523,216.6345283
0.266667175,218.0007942
0.291680612,215.3160718
0.27411165,216.1738608
0.292871728,215.2638818
0.295551739,215.1260524
0.267858291,217.3596563
0.271431639,216.5122757
0.272324976,216.4247244
0.270538302,216.5971905
0.266964954,217.8327357
0.291978391,215.3062008
0.273813871,216.2217154
0.292573949,215.2797734
0.267560512,217.5089934
0.27113386,216.5392542
0.272622755,216.3902159
0.270836081,216.5667213
0.267262733,217.667335
0.29227617,215.2940233
0.273516092,216.2677921
0.272920534,216.3524274
0.273218313,216.3115393
0.383692232,203.8655525
0.379823202,204.7036027
0.380120981,204.637228
0.383395426,203.9270977
0.379525423,204.7700094
0.38041876,204.5708775
0.383099747,203.9874599
0.377437849,205.2340969
0.377139965,205.3006722
0.379227644,204.8364678
0.380716539,204.5045843
0.382800993,204.0503649
0.377738749,205.1684526
0.376845309,205.3640945
0.378929865,204.9029788
0.381014318,204.4384197
0.382503214,204.1134608
0.378036528,205.1023005
0.376547633,205.4287663
0.372378727,206.3090482
0.372080948,206.3729656
0.378632086,204.9695079
0.381312097,204.3724957
0.382205435,204.1773333
0.378334307,205.0359867
0.376249854,205.4928927
0.372676506,206.2454748
0.371783169,206.4372318
0.381609877,204.3069393
0.381907656,204.2418544
0.375952075,205.5565753
0.372974285,206.1822311
0.37148539,206.501919
0.375654296,205.6198501
0.373272064,206.1192724
0.371185324,206.5669225
0.375356517,205.6827899
0.373569843,206.0565972
0.370887744,206.6331394
0.375058738,205.7454062
0.373867622,205.9942271
0.370594811,206.6979086
0.374760959,205.8077261
0.374165401,205.9320365
0.370296834,206.7636834
0.37446318,205.8698949
0.369996495,206.8321002
0.369698715,206.899672
0.369400936,206.9678483
0.366720925,207.5887068
0.366423146,207.6579717
0.369103157,207.0363786
0.367018704,207.5195535
0.366125367,207.7274126
0.368805378,207.1051756
0.367316483,207.4504534
0.365827588,207.7970879
0.368507599,207.1741529
0.367614262,207.3813656
0.365529809,207.8670065
0.36820982,207.2432033
0.367912041,207.3122733
0.36523203,207.9371722
0.364934251,208.0076515
0.364635327,208.0781622
0.364340663,208.149697
0.364044031,208.2189933
0.363743135,208.2921297
0.363445356,208.3634507
0.363147577,208.4349197
0.362849798,208.5062408
0.362552019,208.5773136
0.36225424,208.6480323
0.361956461,208.7182543
0.361658682,208.7877931
0.361360903,208.856423
0.361063124,208.9239634
0.360765345,208.9901887
0.360467566,209.0547714
0.360169787,209.1173271
0.359872008,209.1774471
0.359574229,209.234737
0.35927645,209.2889037
0.358978671,209.3396678
0.358680892,209.38659
0.358380623,209.4288485
0.35808488,209.4693649
0.357789593,209.5032536
0.357489775,209.5359088
0.357191996,209.5637711
0.356894217,209.5878176
0.356596438,209.6089775
0.356298659,209.627005
0.35600088,209.6412554
0.355703101,209.6519879
0.355405322,209.6602502
0.355107543,209.6671637
0.354809764,209.671154
0.354511985,209.6723452
0.354214206,209.6710779
0.353916427,209.6676062
0.353618648,209.6623094
0.353320869,209.655492
0.35302309,209.647539
0.352725311,209.6388361
0.352427532,209.6297653
0.352127642,209.6212251
0.351830821,209.6119251
0.351535155,209.6056036
0.351236416,209.5997983
0.350938637,209.5962267
0.350640858,209.5949303
0.350343079,209.5959268
0.3500453,209.5990053
0.349747521,209.6046437
0.349449742,209.6120558
0.349151963,209.6219326
0.348854184,209.633508
0.348556405,209.6465744
0.348258626,209.6608606
0.347960847,209.6757563
0.347663068,209.6907509
0.347365289,209.7052663
0.34706751,209.7187614
0.346769731,209.730879
0.346471952,209.7413455
0.346174173,209.7500494
0.345873258,209.7577686
0.34557536,209.7629629
0.345280718,209.7684233
0.344983056,209.7730601
0.344685277,209.7778579
0.344387498,209.7831787
0.344089719,209.7894389
0.34379194,209.7968199
0.343494161,209.805769
0.343196382,209.8159853
0.342898603,209.8280407
0.342600824,209.841437
0.342303045,209.8562687
0.342005266,209.8722381
0.341707487,209.8897347
0.341409708,209.9083119
0.341111929,209.9274938
0.34081415,209.947161
0.340516371,209.9670518
0.340218592,209.9870858
0.339920813,210.0071362
0.339620735,210.027513
0.339323137,210.047098
0.339030204,210.0672001
0.338732245,210.0884
0.338431918,210.1101784
0.338134139,210.1328695
0.33783636,210.1568585
0.337538581,210.1818705
0.337240802,210.2080242
0.336943023,210.2351302
0.336645244,210.2635674
0.336347465,210.2927026
0.336049686,210.3223377
0.335751907,210.3526781
0.335454128,210.3843529
0.335156349,210.4165307
0.33485857,210.4485075
0.334560791,210.4812222
0.334263012,210.5148916
0.333965233,210.5497742
0.333667454,210.5851086
0.333369675,210.6216994
0.333070733,210.6594189
0.332776054,210.6985639
0.33247944,210.7394639
0.332178559,210.7822729
0.33188078,210.8260132
0.331583,210.8711904
0.331285221,210.918111
0.330987442,210.9664911
0.330689663,211.0161722
0.330391884,211.0671185
0.330094105,211.1191969
0.329796326,211.1722287
0.329498547,211.2261069
0.329200768,211.2800714
0.328902989,211.3339265
0.32860521,211.387619
0.328307431,211.441711
0.328009652,211.4956341
0.327711873,211.5498004
0.327414094,211.6041249
0.327116315,211.6578112
0.326816029,211.7110539
0.326520271,211.7642139
0.326225002,211.8152889
0.325925199,211.8675079
0.32562742,211.9181853
0.325329641,211.9680453
0.325031862,212.0169125
0.324734083,212.0647815
0.324436304,212.1117439
0.324138525,212.157839
0.323840746,212.2029674
0.323542967,212.2471339
0.323245188,212.2905191
0.322947409,212.3331972
0.32264963,212.3754732
0.322351851,212.4176935
0.322054072,212.4601461
0.321756293,212.5029631
0.321458514,212.5462998
0.321160735,212.590232
0.320862956,212.6348344
0.320563052,212.6800832
0.320266217,212.7257709
0.319970564,212.7710654
0.31967184,212.8176177
0.319374061,212.8644154
0.319076282,212.911913
0.318778503,212.9603254
0.318480724,213.0098587
0.318182945,213.0606018
0.317885166,213.1125225
0.317587387,213.1655195
0.317289608,213.2194371
0.316991829,213.2740916
0.705295593,183.6576359
0.705000105,183.661216
0.704700127,183.664615
0.704402348,183.6689643
0.704104569,183.6740297
0.703509011,183.686655
0.70380679,183.6800707
0.703211232,183.6937495
0.702913453,183.7013022
0.698446768,183.8516384
0.698745667,183.8402897
0.702615674,183.7091945
0.698148989,183.8628592
0.699041486,183.828823
0.700233442,183.7842622
0.700531221,183.773728
0.702317895,183.7175189
0.69785121,183.8738203
0.699338145,183.8176002
0.700829,183.7635292
0.699935663,183.7951005
0.702020116,183.7261017
0.695766756,183.9417169
0.696064535,183.9329219
0.699637884,183.8061751
0.697553431,183.8844465
0.701126779,183.7537003
0.701722337,183.7350485
0.693682303,183.9956609
0.693980082,183.9887905
0.695468977,183.9502492
0.696362314,183.9238496
0.697255652,183.8947776
0.701424558,183.7442094
0.693384524,184.00225
0.694277861,183.9816459
0.696660093,183.914464
0.695171198,183.958521
0.696957872,183.9047736
0.693083762,184.0087623
0.69457564,183.9742137
0.694873419,183.9664904
0.692786024,184.0146755
0.690108955,184.0640013
0.690406734,184.0585564
0.69249123,184.0206126
0.662117725,187.550898
0.661819946,187.6038781
0.689811176,184.0695451
0.690704513,184.0532013
0.692193408,184.0262852
0.662415504,187.4978917
0.66151917,187.6558963
0.689513397,184.075313
0.691002292,184.0479004
0.691895629,184.0318264
0.685942732,184.171662
0.686240892,184.1603259
0.654969216,188.6841028
0.662713283,187.4446747
0.661221418,187.7095125
0.689215618,184.0812298
0.691300071,184.0425943
0.69159785,184.0372522
0.685642269,184.1832212
0.686533825,184.1504214
0.656757703,188.4271925
0.655266632,188.6417862
0.656459924,188.4709887
0.666286632,186.80241
0.666584411,186.7495341
0.663011062,187.3912903
0.660926637,187.7597683
0.688917838,184.0874676
0.688024501,184.1078542
0.68832228,184.1007524
0.686831223,184.1409336
0.68534449,184.1960549
0.658544377,188.1546985
0.658246598,188.2013864
0.657055482,188.382954
0.655566586,188.6000755
0.656162144,188.5143988
0.665988853,186.8554501
0.66688219,186.6969094
0.663308841,187.337785
0.66062883,187.8112878
0.659437714,188.0111071
0.659735493,187.9620223
0.688620059,184.0939132
0.687726722,184.1154548
0.683855595,184.275266
0.684153374,184.2572345
0.687131164,184.1318456
0.685046711,184.2094194
0.658842156,188.1074341
0.657948819,188.24752
0.657353261,188.3382706
0.655864365,188.5573593
0.659139935,188.0595794
0.665691074,186.9086649
0.667181075,186.643624
0.66360662,187.2841635
0.660331051,187.8620867
0.660033272,187.9123514
0.670753317,186.0092007
0.670455538,186.0621353
0.674026579,185.4598503
0.674326666,185.4133766
0.681473363,184.4657818
0.681175584,184.4954722
0.687428943,184.1233396
0.683557816,184.2948609
0.684451153,184.2399009
0.684748932,184.2242939
0.65765104,188.2931455
0.665393295,186.9620619
0.66747688,186.5926536
0.663904399,187.2304613
0.671051096,185.9565845
0.670157759,186.1152972
0.676411119,185.0997354
0.67611334,185.1429068
0.673730982,185.5079627
0.674624445,185.3669658
0.67909113,184.7350311
0.679388909,184.6978692
0.681771142,184.4373618
0.680877805,184.526439
0.683260037,184.3149301
0.665095516,187.0156054
0.667773554,186.5390575
0.664202178,187.1767267
0.671348875,185.904356
0.66985998,186.168597
0.677900014,184.8915639
0.677602235,184.9321894
0.676708898,185.0570739
0.675815561,185.1866514
0.674922224,185.3211413
0.673435513,185.5539122
0.678793351,184.7731505
0.679689951,184.6608614
0.682068921,184.4102264
0.680580025,184.5585391
0.6823667,184.3842559
0.682664479,184.3596628
0.682962258,184.3368281
0.664797737,187.0692572
0.668073306,186.4868706
0.664499957,187.1229795
0.671646654,185.8526411
0.669562201,186.2219301
0.678197793,184.8515145
0.677304456,184.9732925
0.677006677,185.0149336
0.675517782,185.230941
0.675220003,185.2757729
0.67313555,185.6030676
0.678495572,184.8120195
0.679986766,184.626115
0.680281283,184.5918187
0.668371085,186.4340821
0.669264422,186.2751931
0.671944433,185.8014627
0.672837771,185.6516628
0.668668864,186.381299
0.668966643,186.3283312
0.672242212,185.7509125
0.672539991,185.7009756
0.784802688,179.6057209
0.784504909,179.6333042
0.78122765,179.9842883
0.781524994,179.9473361
0.78420713,179.6614731
0.780931997,180.0210877
0.781824898,179.9120613
0.783909351,179.6902795
0.777953771,180.4427472
0.777655992,180.4871303
0.780633782,180.0599628
0.782122677,179.8778362
0.783611572,179.7197104
0.77825155,180.3984586
0.777358213,180.5315063
0.780336003,180.0996441
0.782420456,179.8445082
0.783313793,179.7498209
0.778549329,180.3543212
0.777060433,180.5757585
0.780038224,180.1403218
0.782718235,179.81217
0.783016014,179.7805981
0.778847108,180.3104831
0.776762654,180.6198265
0.779740445,180.1818572
0.766935946,181.9568911
0.766638167,182.0012612
0.770211516,181.5181403
0.770509295,181.4807845
0.779144887,180.2670634
0.776464875,180.6635905
0.779442666,180.2241295
0.767233725,181.9132868
0.766340388,182.0463798
0.774082643,181.0011455
0.773784864,181.0424234
0.769913737,181.5554955
0.770807074,181.443237
0.776167096,180.7069959
0.767531504,181.8705629
0.766042609,182.0921394
0.774383728,180.9583459
0.773487085,181.0838719
0.769615958,181.592996
0.771104853,181.4053545
0.775869317,180.7499916
0.767829283,181.8288078
0.76574483,182.1383724
0.774680598,180.9185964
0.773189306,181.1253187
0.769318179,181.6308096
0.771402632,181.3669903
0.775571538,180.7925298
0.76812929,181.7868099
0.765447051,182.1849028
0.759789249,182.9744637
0.75949147,183.0108676
0.774975072,180.8762692
0.772891527,181.1666362
0.769020399,181.6691971
0.771700411,181.3280471
0.775273759,180.8347078
0.768720367,181.7077473
0.768424814,181.7482768
0.765149272,182.2315605
0.760087028,182.93777
0.759193691,183.0470681
0.772593748,181.2076938
0.77199819,181.2884858
0.764851493,182.2780989
0.763958156,182.4153652
0.762467329,182.6290659
0.76276704,182.5882052
0.763660377,182.4597826
0.760384807,182.9007632
0.758895912,183.0830891
0.772295969,181.2483275
0.764553714,182.3243861
0.764255935,182.3701908
0.762170699,182.6705159
0.763064819,182.546149
0.763362598,182.5034103
0.760682586,182.8634093
0.758598133,183.1189658
0.761874852,182.7090622
0.760980365,182.8256565
0.758300354,183.1547113
0.761575924,182.7488297
0.755024785,183.5196193
0.761278144,182.7874608
0.758002575,183.1903461
0.754727006,183.54837
0.755322564,183.4900848
0.757704796,183.2257467
0.754429227,183.5764412
0.755620415,183.4595991
0.756212945,183.3962624
0.75651368,183.3636788
0.757407017,183.2609063
0.754131448,183.6038796
0.755915237,183.4293192
0.756811459,183.3299075
0.757109238,183.2956757
0.753833669,183.6307305
0.75353589,183.6570534
0.75323811,183.6828778
0.752940331,183.7082635
0.752642552,183.7332234
0.752344773,183.7577583
0.752046994,183.7819309
0.751749215,183.8057725
0.751451436,183.8292761
0.751153657,183.8524335
0.750855878,183.8752056
0.750558099,183.8975842
0.75026032,183.919587
0.749960403,183.9409011
0.749663042,183.9622174
0.749367401,183.9819601
0.749069204,184.0016377
0.748771425,184.0204368
0.748473646,184.0384597
0.748175867,184.0556268
0.747878088,184.0718873
0.747580309,184.0872175
0.74728253,184.1016238
0.746984751,184.1151695
0.746686972,184.1279513
0.746389193,184.1400011
0.746091414,184.1513915
0.745793635,184.1621294
0.745495856,184.1721711
0.745198076,184.1813201
0.744900297,184.1895938
0.744602518,184.1969484
0.744304739,184.2035265
0.74400696,184.2094389
0.743709181,184.2148663
0.743410475,184.2196513
0.743115987,184.223937
0.742819136,184.2274934
0.742518065,184.2303395
0.742220286,184.2323519
0.741922507,184.2335351
0.741624728,184.2339224
0.741326949,184.2334949
0.74102917,184.2323307
0.740731391,184.2304182
0.740433612,184.2279197
0.740135833,184.2248321
0.739838054,184.2212195
0.739540275,184.2172542
0.739242496,184.2130274
0.738944717,184.2086262
0.738646938,184.2040969
0.738349159,184.1995585
0.73805138,184.1949851
0.737753601,184.190408
0.737455822,184.1857769
0.737155771,184.1813093
0.736860204,184.1758137
0.736564697,184.1714757
0.736264705,184.1656871
0.735966926,184.159951
0.735669147,184.1537533
0.735371368,184.1471011
0.735073589,184.1399363
0.73477581,184.1323277
0.734478031,184.1243318
0.734180252,184.1159477
0.733882473,184.1072406
0.733584694,184.0983127
0.733286915,184.0892329
0.732989136,184.0800513
0.732691357,184.0708318
0.732393578,184.0616004
0.732095799,184.0524196
0.73179802,184.043297
0.731500241,184.034269
0.731202462,184.0253172
0.730902737,184.016792
0.730606092,184.0073984
0.73031026,183.9994775
0.730011346,183.9905305
0.729713567,183.9819421
0.729415788,183.9732308
0.729118008,183.9644228
0.728820229,183.9555267
0.72852245,183.9465216
0.728224671,183.9374524
0.727926892,183.9283821
0.727629113,183.9193904
0.727331334,183.9105051
0.727033555,183.9018923
0.726735776,183.8935748
0.726437997,183.8856808
0.726140218,183.8782463
0.725842439,183.871354
0.72554466,183.8650762
0.725246881,183.8593475
0.724949102,183.8542087
0.724648353,183.8500921
0.724350631,183.8453244
0.724055822,183.8423184
0.723757986,183.838922
0.723460207,183.8359
0.723162428,183.8330719
0.722864649,183.830362
0.72256687,183.827703
0.722269091,183.824959
0.721971312,183.8220725
0.721673533,183.8188183
0.721375754,183.8150901
0.721077974,183.8108679
0.720780195,183.8060052
0.720482416,183.8005318
0.720184637,183.7944146
0.719886858,183.7877836
0.719589079,183.7806822
0.7192913,183.7732663
0.718993521,183.7656961
0.718695742,183.7580959
0.718395813,183.7509305
0.718098433,183.7431888
0.717805501,183.7363819
0.717507322,183.7300783
0.717206847,183.7229186
0.716909068,183.7163388
0.716611289,183.7095686
0.71631351,183.702645
0.716015731,183.6955072
0.715717952,183.6882014
0.715420173,183.6807623
0.715122394,183.6732369
0.714824615,183.6657413
0.714526836,183.6583316
0.714229057,183.651059
0.713931278,183.6439313
0.713633499,183.6370683
0.71333572,183.6303918
0.71303794,183.6240563
0.712740161,183.6180238
0.712442382,183.6124892
0.712144603,183.6074416
0.711845879,183.603184
0.711551376,183.5988954
0.711254543,183.5970389
0.710953487,183.5946411
0.710655708,183.5937548
0.710357929,183.5937994
0.71006015,183.5950941
0.709762371,183.5971102
0.709464592,183.600387
0.709166813,183.6042767
0.708869034,183.6089386
0.708571255,183.6140897
0.708273476,183.6196314
0.707975697,183.6252369
0.707677918,183.6305947
0.707380139,183.635501
0.70708236,183.6398538
0.706784581,183.6436658
0.706486802,183.6469779
0.706189023,183.6498758
0.705891244,183.6525409
0.705591175,183.6553466
0.510845976,195.3691394
0.511143755,195.3310287
0.511441534,195.2936196
0.511739313,195.2570112
0.512037092,195.22137
0.512334871,195.1867861
0.51263265,195.1532764
0.512930429,195.1207781
0.513228208,195.0892605
0.513525987,195.0586724
0.513823766,195.0288882
0.514121545,194.9997133
0.514717103,194.9430378
0.514419324,194.9712329
0.515014882,194.9150613
0.515312661,194.887186
0.516801556,194.737946
0.517099335,194.7052505
0.515612551,194.8583417
0.516503777,194.7694281
0.517397114,194.6710538
0.51590793,194.8301699
0.516203599,194.7998317
0.517694893,194.6355783
0.517992672,194.5988154
0.518886009,194.4811108
0.519183788,194.4395949
0.518290451,194.5607802
0.51858823,194.521529
0.519481567,194.3970388
0.520970463,194.1724452
0.521268242,194.1261329
0.519779347,194.353533
0.520672684,194.2184917
0.521566021,194.0798226
0.520077126,194.3091794
0.520374905,194.2641101
0.52186699,194.0322908
0.522163713,193.9872536
0.522458304,193.9410578
0.522757137,193.8955625
0.523650474,193.762185
0.523054916,193.8504863
0.523352695,193.8059796
0.523948253,193.719177
0.524246032,193.6770532
0.524543811,193.635869
0.52484159,193.5955792
0.525139369,193.556276
0.525437148,193.518015
0.525734927,193.4807962
0.526032706,193.4445728
0.526330485,193.4092895
0.526628264,193.3748359
0.526926043,193.3411169
0.527223822,193.3079631
0.527521601,193.2752198
0.52781938,193.2427966
0.528119782,193.2099338
0.52841785,193.1779007
0.528710783,193.1462003
0.529008272,193.1136405
0.529308276,193.081211
0.529606055,193.048878
0.529903834,193.016607
0.530201613,192.9844995
0.530499392,192.9526595
0.530797171,192.9211231
0.53109495,192.8899714
0.531392729,192.8592971
0.531690508,192.8291516
0.531988287,192.7997783
0.532286066,192.7710431
0.532583845,192.7429717
0.532881624,192.7159897
0.533179403,192.68899
0.533477182,192.6631447
0.533774961,192.6375364
0.53407274,192.6138858
0.534370519,192.590492
0.534668268,192.5692018
0.534962994,192.5477419
0.535260804,192.5289523
0.535561635,192.5094752
0.535859414,192.4932923
0.536157193,192.4778452
0.536454972,192.4651478
0.536752751,192.4533447
0.53705053,192.4442518
0.537348309,192.4363892
0.537646089,192.4314938
0.537943868,192.427702
0.538241647,192.4267446
0.538539426,192.4268947
0.538837205,192.4299159
0.539134984,192.434202
0.539432763,192.4414944
0.539730542,192.4501109
0.540028321,192.4614441
0.5403261,192.474336
0.540623879,192.4894579
0.540922706,192.5068019
0.541218455,192.5239795
0.541515188,192.5458344
0.541814995,192.5671236
0.542112774,192.5908865
0.542410553,192.6161958
0.542708332,192.6428721
0.543006111,192.6712242
0.54330389,192.7008439
0.543601669,192.7320117
0.543899448,192.7644462
0.544197227,192.7983071
0.544495006,192.8333784
0.544792785,192.8698443
0.545090564,192.9074389
0.545388343,192.9463073
0.545686122,192.9863071
0.545983901,193.0275502
0.546281681,193.0698842
0.54657946,193.1133435
0.546877239,193.1576869
0.547177143,193.2046686
0.54747254,193.2474858
0.547768195,193.2971777
0.548068355,193.3437596
0.548366134,193.3921313
0.548663913,193.4407018
0.548961692,193.4896185
0.549259471,193.5386669
0.54955725,193.5876752
0.549855029,193.6366662
0.550152808,193.6855728
0.550450587,193.7343546
0.550748366,193.782955
0.551046145,193.8312132
0.551343924,193.879062
0.551641703,193.9262808
0.551939482,193.9726527
0.552237261,194.0180286
0.55253504,194.0622192
0.552832819,194.1052086
0.553130598,194.1460356
0.553431582,194.1875752
0.553728323,194.2237068
0.5540229,194.2621597
0.554321714,194.2981221
0.554619493,194.3332342
0.554917272,194.367193
0.555215052,194.3997644
0.555512831,194.4310857
0.55581061,194.4610577
0.556108389,194.489997
0.556406168,194.5175649
0.556703947,194.543813
0.557001726,194.5681183
0.557299505,194.590698
0.557597284,194.6113456
0.557895063,194.6301335
0.558192842,194.646879
0.558490621,194.6615143
0.5587884,194.6740935
0.559086179,194.6847665
0.559383958,194.6936099
0.559684371,194.7012469
0.559982459,194.7069438
0.560275391,194.711469
0.560572862,194.7150463
0.560872853,194.7170191
0.561170632,194.7177759
0.561468411,194.717486
0.56176619,194.7159826
0.562063969,194.7136677
0.562361748,194.7097073
0.562659527,194.7043655
0.562957306,194.6972973
0.563255085,194.6886051
0.563552864,194.6779396
0.563850644,194.665186
0.564148423,194.6504377
0.564446202,194.6338642
0.564743981,194.6156256
0.56504176,194.5955929
0.565339539,194.5735921
0.565637318,194.5494594
0.565935097,194.5231636
0.56623286,194.494608
0.5665276,194.4651123
0.566825395,194.4315905
0.567126213,194.397601
0.567423992,194.361039
0.567721771,194.3227127
0.56801955,194.282477
0.568317329,194.2404436
0.568615108,194.1967332
0.568912887,194.151455
0.569210666,194.1046848
0.569508445,194.0565657
0.569806224,194.007184
0.570104003,193.9566329
0.570401782,193.9050086
0.570699561,193.8524045
0.57099734,193.7988664
0.571295119,193.7443791
0.571592898,193.689022
0.571890677,193.6328941
0.572188456,193.5760872
0.572487298,193.5177794
0.572783061,193.4612268
0.573079779,193.4009056
0.573379573,193.3418126
0.573677352,193.2814179
0.573975131,193.220623
0.57427291,193.1591686
0.574570689,193.097087
0.574868468,193.0343307
0.575166247,192.9708575
0.575464026,192.9067126
0.575761805,192.8419647
0.577548479,192.4383553
0.576059584,192.7764005
0.5772507,192.5073176
0.579037151,192.0833895
0.578741736,192.1530724
0.577846258,192.3686018
0.576357363,192.7101442
0.576952921,192.5755843
0.579332791,192.0068416
0.578441816,192.2269555
0.578144037,192.2980766
0.576655142,192.6431784
0.581717386,191.3771097
0.582015165,191.2932777
0.579632932,191.9329215
0.581419607,191.4598283
0.582312944,191.2083082
0.579930711,191.8564776
0.581121828,191.5414069
0.582610723,191.1222489
0.58022849,191.7794482
0.580824048,191.6219047
0.582908502,191.0350912
0.580526269,191.7012432
0.583206281,190.9468883
0.584099618,190.6765127
0.584397397,190.5846667
0.586184071,190.018867
0.58648185,189.9219745
0.58350406,190.8576884
0.583801839,190.7675384
0.584695176,190.4924295
0.585886292,190.1151681
0.586779629,189.8240557
0.584996174,190.3961811
0.588864082,189.1106974
0.589161861,189.0052865
0.585587495,190.2094609
0.587077408,189.7251683
0.585292934,190.3064689
0.588566303,189.2154494
0.589459641,188.8993637
0.587375187,189.6252641
0.588268524,189.3193572
0.58975742,188.7931567
0.587672966,189.5243312
0.587970745,189.4223578
0.590055199,188.6868854
0.592437431,187.8672151
0.592137452,187.9638779
0.590352978,188.5808406
0.59273521,187.7721986
0.591839999,188.0645035
0.595117442,187.1101876
0.595415221,187.0408783
0.590650757,188.4752371
0.593032989,187.6796628
0.591547067,188.163712
0.594819663,187.1824422
0.595713,186.9744768
0.590948536,188.3707139
0.593330768,187.5895478
0.591248962,188.2645613
0.594521884,187.2577805
0.596010779,186.9111621
0.593628547,187.502302
0.599881907,186.2847304
0.600179686,186.2457584
0.594224105,187.336194
0.596308558,186.850417
0.593926326,187.4179011
0.600477465,186.2074758
0.599584128,186.3243611
0.596606337,186.7926605
0.600775244,186.1696861
0.598092206,186.5389718
0.598389987,186.4928053
0.599286349,186.3649771
0.603157476,185.8811073
0.603455255,185.8468272
0.596904116,186.7372066
0.601073023,186.132382
0.597797453,186.5847607
0.598690791,186.4491242
0.59898857,186.4063818
0.602859697,185.9158973
0.603753034,185.8131567
0.597201895,186.6843159
0.601370802,186.0954281
0.597499674,186.6336753
0.602561918,185.9511115
0.60405189,185.7798842
0.601668581,186.0588582
0.605539708,185.6259705
0.604347667,185.7478367
0.602264139,185.9867048
0.60196636,186.0226103
0.605837487,185.5965211
0.605241929,185.6555174
0.60464437,185.7162478
0.606135266,185.5672297
0.60494415,185.6853245
0.606433046,185.5406352
0.606730825,185.5152868
0.607028604,185.4930287
0.607326383,185.4715215
0.607624162,185.4523621
0.607921941,185.4338715
0.60821972,185.4174673
0.608517499,185.4018725
0.608815278,185.3889928
0.609113057,185.3775497
0.609410836,185.3681356
0.609708615,185.3608303
0.610006394,185.3550293
0.610306328,185.3524639
0.610601761,185.3492601
0.610897387,185.3521645
0.61119751,185.3534929
0.611495289,185.3589341
0.611793068,185.3655012
0.612090847,185.3739703
0.612388626,185.3846439
0.612686405,185.3969791
0.612984184,185.4115551
0.613281963,185.4277457
0.613579742,185.4459427
0.613877521,185.4656689
0.6141753,185.4873512
0.614473079,185.5104926
0.614770858,185.5355402
0.615068638,185.5622093
0.615366417,185.5909071
0.615664196,185.6212965
0.615961975,185.6537625
0.616259754,185.687777
0.616560766,185.7262213
0.616857544,185.761015
0.617152091,185.8039489
0.61745087,185.8454645
0.617748649,185.8900046
0.618046428,185.936393
0.618344207,185.9847832
0.618641986,186.0351
0.618939765,186.0871091
0.619237544,186.1408505
0.619535323,186.1960676
0.619833102,186.2528088
0.620130881,186.3108672
0.62042866,186.3702069
0.620726439,186.4306552
0.621024218,186.4921581
0.621321997,186.5545019
0.621619776,186.6175304
0.621917555,186.6811319
0.622215334,186.7451856
0.622513113,186.8092392
0.622813552,186.8760302
0.623111675,186.938686
0.623404608,187.0023084
0.623702042,187.0690593
0.624002009,187.1332199
0.624299788,187.1985556
0.624597567,187.2638111
0.624895346,187.3291474
0.625193125,187.3944012
0.625490904,187.4594666
0.625788683,187.52412
0.626086462,187.5881931
0.626384241,187.6515589
0.62668202,187.7140801
0.626979799,187.7757268
0.627277578,187.8364684
0.627575357,187.8962625
0.627873136,187.9550183
0.628170915,188.01281
0.628468694,188.0695667
0.628766473,188.1253146
0.629064252,188.1800622
0.629362045,188.234142
0.629656812,188.2849716
0.629954578,188.3390398
0.630255368,188.3892422
0.630553147,188.4396624
0.630850926,188.4887954
0.631148705,188.5370534
0.631446484,188.5843601
0.631744264,188.630737
0.632042043,188.6761222
0.632339822,188.7203728
0.632637601,188.7637895
0.63293538,188.8060171
0.633233159,188.8475829
0.633530938,188.8878508
0.633828717,188.9274003
0.634126496,188.9655524
0.634424275,189.0029013
0.634722054,189.0387689
0.635019833,189.0737199
0.635317612,189.1069448
0.635616482,189.1398335
0.635912273,189.1692058
0.636208962,189.2000009
0.636508728,189.2276635
0.636806507,189.2547998
0.637104286,189.2807561
0.637402065,189.3054199
0.637699844,189.3292106
0.637997623,189.3516159
0.638295402,189.373215
0.638593181,189.393677
0.63889096,189.4135122
0.639188739,189.4322358
0.639486518,189.4500791
0.639784297,189.4662335
0.640082077,189.4814254
0.640379856,189.4952869
0.640677635,189.5079399
0.640975414,189.5192345
0.641273193,189.5292108
0.641570972,189.5377595
0.64187092,189.545149
0.642166372,189.5506412
0.642461983,189.5553639
0.642762088,189.5584719
0.643059867,189.5603691
0.643357646,189.5609518
0.643655425,189.5602148
0.643953204,189.558016
0.644250983,189.5549641
0.644548762,189.5507627
0.644846541,189.545193
0.64514432,189.5382828
0.645442099,189.5301659
0.645739878,189.5208989
0.646037657,189.5104317
0.646335436,189.4987988
0.646633215,189.4858984
0.646930994,189.4717695
0.647228773,189.4564228
0.647526552,189.4399047
0.647824331,189.422294
0.648125358,189.4029584
0.648422155,189.3839432
0.648716687,189.3625241
0.649015448,189.340798
0.649313227,189.3177567
0.649611006,189.2937484
0.649908785,189.2686831
0.650206564,189.2425329
0.650504343,189.215295
0.650802122,189.1869579
0.651099901,189.1575211
0.65139768,189.1269377
0.651695459,189.0952217
0.651993238,189.0623998
0.652291017,189.0284572
0.652588796,188.9934925
0.652886575,188.9575397
0.653184354,188.9206405
0.653482133,188.8829272
0.653779912,188.8443745
0.654077691,188.8052269
0.654378142,188.7643553
0.654676284,188.7245879
0.861331901,179.3896051
0.861034122,179.3933344
0.860736343,179.3965087
0.860438564,179.4002695
0.860140785,179.4046043
0.859843006,179.4094958
0.859545227,179.4150806
0.859247448,179.4217378
0.858949669,179.4292354
0.85865189,179.4384402
0.858354111,179.4488225
0.858056332,179.4613913
0.857758553,179.4751197
0.857460774,179.4909616
0.857161104,179.5081149
0.856864518,179.5272975
0.854185204,179.7612625
0.854482983,179.7316368
0.85656863,179.5478838
0.853887425,179.7910067
0.854780762,179.702386
0.853589646,179.8207551
0.856269658,179.5702818
0.855078541,179.6738246
0.849122961,180.2464572
0.84942074,180.2179544
0.851802972,179.9941914
0.851505193,180.0220856
0.853291867,179.8503729
0.855971879,179.5942092
0.85537632,179.6461759
0.842869601,180.6840057
0.84316738,180.6763187
0.848825182,180.2749805
0.849718519,180.1895497
0.852100751,179.966084
0.851207414,180.0498615
0.852994088,179.8798151
0.8556741,179.6195204
0.842571822,180.6900734
0.843465159,180.6669938
0.850016298,180.1613046
0.848527403,180.3034552
0.85239853,179.9376806
0.850906721,180.0774433
0.852696309,179.9089185
0.842274043,180.6945229
0.843762938,180.6561275
0.847038507,180.4411237
0.847336286,180.4146046
0.850314192,180.1330891
0.848229624,180.3317624
0.850609056,180.1059628
0.841976264,180.6974697
0.84406119,180.6435791
0.845251833,180.5791579
0.845549612,180.5593007
0.846740728,180.4668657
0.847634065,180.387462
0.847931845,180.359812
0.840487369,180.6962214
0.840785148,180.697928
0.841678485,180.6989976
0.844356867,180.6301556
0.844954054,180.5976136
0.845847391,180.5380162
0.846442949,180.4916739
0.844654174,180.614261
0.84018959,180.6944476
0.841082927,180.6990695
0.841380706,180.6994295
0.83691402,180.6444551
0.837211799,180.651096
0.84614517,180.5154513
0.83989181,180.6920683
0.836616241,180.6372255
0.837512914,180.6577814
0.839594031,180.6891263
0.836318462,180.6295785
0.837809819,180.6632164
0.839296252,180.6858295
0.836020683,180.6214232
0.838104264,180.6688028
0.838998473,180.6822694
0.835722904,180.6129511
0.838402915,180.6737794
0.838700694,180.6782665
0.835425125,180.6042092
0.835127346,180.5952522
0.834829567,180.5861268
0.834531788,180.5768734
0.834234009,180.5675875
0.83393623,180.5584326
0.833638451,180.5494511
0.833340672,180.5407535
0.833042893,180.5323322
0.832745114,180.5242422
0.832447335,180.5164984
0.832149555,180.5091223
0.831849559,180.5024062
0.831554036,180.495038
0.831258475,180.4895721
0.830958439,180.4830717
0.83066066,180.4772453
0.830362881,180.4714406
0.830065102,180.4656287
0.829767323,180.4596479
0.829469544,180.4533872
0.829171765,180.4466738
0.828873986,180.4394021
0.828576207,180.4314462
0.828278428,180.4226977
0.827980649,180.4133681
0.82768287,180.4029214
0.827385091,180.3918012
0.827087312,180.3797921
0.826789533,180.3671835
0.826491754,180.3538404
0.826193975,180.3399961
0.825896196,180.3256206
0.825596513,180.3111097
0.825299911,180.2952085
0.825004037,180.2803596
0.82470508,180.2636583
0.824407301,180.2467265
0.824109521,180.2287493
0.823811742,180.2096157
0.823513963,180.189613
0.823216184,180.1680531
0.822918405,180.1455768
0.822620626,180.1219656
0.822322847,180.0976978
0.822025068,180.0724862
0.821727289,180.0466721
0.82142951,180.020056
0.821131731,179.9929126
0.820833952,179.9651686
0.820536173,179.9369072
0.820238394,179.9081881
0.819940615,179.8790144
0.819642836,179.849351
0.819342129,179.8198377
0.81904445,179.7881433
0.8187496,179.7589257
0.81845172,179.7280222
0.818153941,179.6973989
0.817856162,179.6669421
0.817558383,179.6367668
0.817260604,179.6070945
0.816962825,179.5780273
0.816665046,179.5497658
0.816367266,179.5224695
0.816069487,179.4963093
0.815771708,179.471378
0.815473929,179.4478284
0.81517615,179.4256168
0.814878371,179.4047054
0.814580592,179.3851383
0.814282813,179.3667556
0.813985034,179.3495515
0.813687255,179.3333215
0.813389476,179.3178506
0.813089584,179.3037531
0.812792259,179.2886511
0.812496593,179.276016
0.81219836,179.2626556
0.811900581,179.2499078
0.811602802,179.2374046
0.811305023,179.2251337
0.811007244,179.2130244
0.810709465,179.2010155
0.810411686,179.1891653
0.810113907,179.1773551
0.809816128,179.165593
0.809518349,179.1538366
0.80922057,179.1420274
0.808922791,179.1301306
0.808625012,179.1181052
0.808327232,179.1059253
0.808029453,179.0936242
0.807731674,179.0811808
0.807433895,179.0686732
0.807136116,179.056162
0.806838337,179.0436865
0.806539668,179.0315791
0.806245208,179.0184513
0.805948321,179.0076417
0.805647221,178.9948459
0.805349442,178.9831487
0.805051663,178.9714064
0.804753884,178.9598356
0.804456105,178.9484011
0.804158326,178.9373028
0.803860547,178.9264682
0.803562768,178.9162448
0.803264989,178.9065087
0.80296721,178.8976685
0.802669431,178.8895719
0.802371652,178.8826727
0.802073873,178.8766102
0.801776094,178.8719412
0.801478315,178.8681771
0.801180536,178.8657727
0.800882757,178.8641872
0.800584977,178.8637267
0.800284963,178.864658
0.799989425,178.8649547
0.799693883,178.867753
0.799393861,178.8700396
0.799096082,178.8729664
0.798798303,178.876276
0.798500524,178.8796043
0.798202745,178.8830777
0.797904966,178.8864147
0.797607187,178.889731
0.797309408,178.8928297
0.797011629,178.8959056
0.79671385,178.8988475
0.796416071,178.9019876
0.796118292,178.9051796
0.795820513,178.9089062
0.795522734,178.9129721
0.795224955,178.9179335
0.794927176,178.9234563
0.794629397,178.9302468
0.794331618,178.9377902
0.794031921,178.9468797
0.793735305,178.9561719
0.793439445,178.9671505
0.793140502,178.9786091
0.792842722,178.9913211
0.792544943,179.0048302
0.792247164,179.0199166
0.791949385,179.0361874
0.791651606,179.0538369
0.791353827,179.0718188
0.791056048,179.0907934
0.790758269,179.1104005
0.79046049,179.1309741
0.790162711,179.1527034
0.789864932,179.1753046
0.789567153,179.1986672
0.789269374,179.2226395
0.788971595,179.2471258
0.788673816,179.2720315
0.788376037,179.2972237
0.788078258,179.3225814
0.787777537,179.3481258
0.787479843,179.3739139
0.787185007,179.3987428
0.786887142,179.4241524
0.786589363,179.4494593
0.786291584,179.474877
0.785993805,179.5003917
0.785696026,179.5261337
0.785398247,179.5522115
0.785100468,179.578709
2.362363035,161.3829997
2.362133341,161.1402829
2.361903647,160.8757847
2.361673655,160.6305627
2.35317086,6.12872758
2.361441295,160.092302
2.353400554,22.1862645
2.3612116,159.6726906
2.353630248,21.02023205
2.360984274,159.1368109
2.353859942,33.13030409
2.360754581,158.745871
2.354089636,43.4964513
2.360524648,158.3085481
2.354319628,55.17677053
2.360294715,157.9198259
2.35454962,65.20892409
2.355698687,107.1641832
2.355928381,113.4868001
2.360065021,157.1368864
2.354779314,75.03887686
2.355468695,100.1463573
2.356158075,119.2335474
2.359835327,156.5303718
2.355008202,84.02838615
2.355237896,92.40014747
2.356388008,124.3725999
2.359605335,155.3466698
2.35661794,128.8724479
2.359372447,154.7055908
2.356847634,132.7733879
2.359142752,153.8675953
2.357075477,136.2260509
2.357305172,139.1467519
2.357537015,141.8745132
2.35868626,151.1740692
2.358915954,152.4681387
2.357767007,144.2117924
2.358456328,149.7135161
2.357996701,146.2816107
2.358226395,148.0891401
2.362592968,161.5493085
2.362822901,161.7058462
2.363052595,161.784737
2.363280487,161.9141851
2.363510182,161.7768922
2.363741975,161.8132109
2.363971967,161.7322496
2.364201661,161.6115568
2.364431355,161.4453158
2.364661288,161.230227
2.364891221,160.9944534
2.36511971,160.7720579
2.36534684,160.5295152
2.365577739,160.0423656
2.365810295,159.7991071
2.366040287,159.4113744
2.366269981,159.0001534
2.366499675,158.5610609
2.366729608,158.0540486
2.366959541,157.5674176
2.367189235,156.9371518
2.367416363,156.5004309
2.367646059,155.6054872
2.367878615,155.0098023
2.368108607,154.2359438
2.368338301,153.4194884
2.368567995,152.5675271
2.368797928,151.6661021
2.369027861,150.7443055
2.369257555,149.7682974
2.369487249,148.7696999
2.369716943,147.7329268
2.369946935,146.6430682
2.370176927,145.5424053
2.370406621,144.3752947
2.370636315,143.1863668
2.370866248,141.9009657
2.371096181,140.5888506
2.371325875,139.2241899
2.371555569,137.7751595
2.371785263,136.2776279
2.372015255,134.7095227
2.372245247,133.1215225
2.372474941,131.4507114
2.372704635,129.7624118
2.372934568,127.9954326
2.373164501,126.2249293
2.373394195,124.3862793
2.373623889,122.5461445
2.373853583,120.6478744
2.374083575,118.7542775
2.374313567,116.7904371
2.374543261,114.9450887
2.374775059,112.8328419
2.375004991,110.984929
2.375232821,109.0017512
2.375462515,107.0519263
2.375692209,105.0981875
2.375921903,103.1184051
2.376151895,101.2217267
2.376381887,99.21327515
2.376611581,97.40803996
2.376844067,95.32040844
2.377073999,93.5567222
2.377301141,91.6566914
2.377530835,89.82304997
2.377760529,87.97813807
2.377990223,86.14727817
2.378220215,84.3561546
2.378450207,82.48417609
2.378679901,80.74757832
2.378911757,78.79139463
2.379141689,77.0340383
2.379369461,75.16428781
2.379599155,73.31899847
2.379828849,71.42736108
2.380058543,69.51102488
2.380288535,67.61664952
2.380518527,65.58600647
2.380748221,63.70192823
2.38098039,61.51168518
2.381210322,59.52587732
2.381437781,57.36342777
2.381667475,55.19803612
2.381897169,52.91734188
2.382126863,50.6120848
2.382356855,48.23141237
2.382586847,45.74793291
2.382816541,43.30556651
2.383047665,40.63860269
2.383277597,38.07789368
2.383506101,35.36036064
2.383735795,32.62592386
2.383965489,29.76839823
2.384195183,26.87976214
2.384425175,23.86670748
2.384655167,20.78717862
2.384884861,17.62663616
2.38511494,14.35790599
2.385344873,11.02472951
2.385574421,7.584509769
2.385804115,4.068092957
2.386033809,0.425456762
2.386263503,3.305051401
2.386493495,7.186611067
2.386723488,11.13457473
2.386953182,15.28315225
2.387182215,19.46695975
2.387411909,23.89719631
2.387642562,28.40111195
2.387872554,33.03982843
2.388102248,37.77970717
2.388331942,42.61711166
2.388561875,47.59723009
2.388791808,52.59059854
2.389021502,57.82646441
2.38924949,62.87945323
2.389479185,68.34569352
2.389710882,73.68536699
2.389940874,79.1430079
2.390170568,84.59671712
2.390400262,90.04205074
2.390630195,95.54030913
2.390860128,100.9005504
2.391089822,106.4244055
2.391316765,111.5341894
2.39154646,117.1320702
2.481406464,1237.079102
2.48163698,1237.897634
2.481866913,1238.885716
2.482096023,1240.057242
2.482325717,1241.480869
2.48393395,1252.828985
2.483704255,1251.066008
2.482555411,1242.731951
2.483474784,1249.282835
2.484164164,1254.567709
2.482785105,1244.174055
2.48324509,1247.533218
2.484394156,1256.514808
2.483015097,1245.78659
2.48462385,1258.332827
2.484853544,1260.134953
2.485083477,1261.608147
2.48531341,1263.380775
2.485543104,1264.866965
2.485771531,1266.530893
2.486001225,1267.759897
2.486232484,1268.957119
2.486462476,1270.293862
2.48669217,1271.334698
2.486921864,1272.522165
2.487151797,1273.383085
2.48738173,1274.405616
2.487611424,1275.121969
2.487838806,1275.850826
2.4880685,1276.219321
2.488300804,1276.806251
2.488530796,1276.916877
2.48876049,1277.441161
2.488990184,1277.488685
2.489220117,1277.48724
2.48945005,1277.337339
2.489679744,1277.360348
2.489907421,1276.933477
2.490137116,1276.56987
2.490369124,1276.111739
2.490599116,1275.527671
2.49082881,1274.916091
2.491058504,1274.274218
2.491288437,1273.565012
2.49151837,1272.630529
2.491748064,1271.950491
2.491975111,1271.216612
2.492204806,1270.273604
2.492437444,1269.392726
2.492667437,1268.5181
2.492897131,1267.626301
2.493126825,1266.731805
2.493356757,1265.889903
2.49358669,1265.02187
2.493816384,1264.143183
2.494044109,1263.352754
2.494273804,1262.451693
2.494505764,1261.57848
2.494735757,1260.666626
2.494965451,1259.747409
2.495195145,1258.874286
2.495425077,1258.171142
2.49565501,1257.441177
2.495884704,1256.604725
2.496112047,1255.842608
2.496341742,1255.062854
2.496574084,1254.282193
2.496804077,1253.545872
2.497033771,1252.980896
2.497263465,1252.20924
2.497493397,1251.649711
2.49772333,1251.043477
2.497953024,1250.57637
2.498182718,1249.986411
2.498412412,1249.502513
2.498642404,1249.025633
2.498872397,1248.751888
2.499102091,1248.499636
2.499331785,1248.168773
2.499561717,1247.903254
2.49979165,1247.848292
2.500021344,1247.688404
2.500251038,1247.578599
2.500480732,1247.592451
2.500710724,1247.461717
2.500940717,1247.52193
2.501170411,1247.443243
2.501400105,1247.478478
2.501630038,1247.529843
2.50185997,1247.564521
2.502147793,1247.46388
2.502475707,1247.613973
2.5027654,1247.652416
2.503017307,1247.874373
2.503236356,1248.209348
2.503426835,1249.011858
2.503592468,1247.889504
2.503736497,1237.766122
2.50386174,1218.63529
2.503970647,1232.330734
2.504065349,1518.276207
2.504147699,2861.105938
2.444866262,1267.418192
2.44463627,1267.14109
2.444406277,1266.785443
2.444176583,1266.387337
2.441648875,1263.70425
2.44142191,1263.811422
2.443946889,1265.973883
2.441878569,1263.746419
2.441191978,1263.915679
2.443717195,1265.644037
2.442108263,1263.956462
2.440959316,1263.952642
2.4434896,1265.227194
2.442337957,1263.994692
2.440729622,1264.218217
2.443259668,1264.908655
2.44256795,1264.108834
2.44049963,1264.492825
2.443027636,1264.686992
2.442797942,1264.426801
2.440269637,1264.800648
2.440039943,1265.001347
2.439810249,1265.286335
2.438890996,1266.455953
2.438661302,1266.551993
2.439580555,1265.643207
2.43705237,1265.00963
2.4391229,1266.244788
2.43843131,1266.743393
2.439352832,1265.950024
2.437282303,1265.569044
2.436822676,1264.182219
2.438201317,1266.651041
2.437512235,1265.939028
2.436592982,1263.394231
2.437971623,1266.478197
2.437741929,1266.424332
2.43636299,1262.324223
2.436132997,1261.311804
2.435903303,1259.94442
2.435673609,1258.83408
2.435443915,1257.292521
2.435213982,1255.808285
2.43498405,1254.216114
2.434754356,1252.674992
2.434524662,1250.773824
2.434294669,1249.133914
2.434064677,1247.408765
2.433834983,1245.685281
2.433605289,1243.905102
2.433375595,1241.993414
2.433145662,1240.309339
2.43291573,1238.45465
2.432686036,1236.73806
2.432456342,1235.039574
2.432226349,1233.324221
2.4319939,1231.69107
2.431764205,1230.041605
2.431536969,1228.195442
2.431307275,1226.764298
2.431077342,1225.185735
2.43084741,1223.501444
2.430617716,1221.954791
2.430388022,1220.36501
2.430158029,1218.765532
2.429925962,1217.249254
2.429696267,1215.665733
2.429468649,1214.224954
2.429238955,1212.538083
2.429009022,1211.127372
2.42877909,1209.524696
2.428549396,1208.043942
2.428319702,1206.437413
2.428089709,1204.898429
2.427856895,1203.210914
2.4276272,1201.555684
2.427400329,1199.874224
2.427170635,1197.978444
2.426940702,1196.055137
2.42671077,1194.080911
2.426481076,1191.829192
2.426251382,1189.651534
2.426021389,1187.08168
2.425789205,1184.252533
2.42555951,1181.352157
2.425332009,1178.236993
2.425102315,1174.686375
2.424872382,1170.943364
2.42464245,1166.878757
2.424412756,1162.655129
2.424183062,1157.948008
2.423953069,1153.032429
2.423720474,1147.729687
2.423490779,1142.138331
2.423263689,1136.461473
2.423033995,1130.240188
2.422804062,1123.941843
2.422574129,1117.321293
2.422344435,1110.592474
2.422114742,1103.506575
2.421884749,1096.419286
2.421653198,1089.031105
2.421423504,1081.799325
2.421195369,1074.353181
2.420965675,1066.614734
2.420735742,1058.97512
2.420505809,1051.375462
2.420276115,1043.659228
2.420046421,1035.945863
2.419816429,1028.156525
2.419585923,1020.309483
2.419356229,1012.421952
2.419127049,1004.651859
2.418897355,996.7544116
2.418667362,988.797464
2.41843737,980.8055702
2.418207676,972.7877412
2.417977982,964.7528695
2.417748288,956.6424427
2.417518886,948.5426724
2.417288953,940.3929838
2.417058729,932.1193071
2.416829035,923.9810427
2.416599042,915.7482993
2.41636905,907.5271442
2.416139356,899.347043
2.415909662,891.279604
2.415679968,883.2429031
2.415451611,875.2775619
2.415221678,867.5249911
2.414990409,859.7546664
2.414760715,852.2033356
2.414530722,844.7247048
2.41430073,837.516269
2.414071036,830.372027
2.413841342,823.324076
2.413611648,816.3536061
2.413384335,809.5570533
2.413154403,802.9604818
2.412922089,795.947212
2.412692395,789.2309017
2.412462402,782.5332952
2.41223241,775.7874248
2.412002716,769.0377018
2.411773022,762.1891175
2.411543328,755.2746552
2.411315644,748.2945773
2.411085713,741.3212832
2.410853769,733.8584267
2.410624075,726.4821611
2.410394082,718.8277468
2.41016409,710.9579378
2.409934396,703.0206714
2.409704702,694.8610868
2.409475008,686.4265586
2.409247954,677.8972239
2.409018023,669.4176213
2.408785449,660.3335876
2.408555755,651.4970576
2.408325762,642.464507
2.40809577,633.3339266
2.407866076,624.2716173
2.407636382,615.1284194
2.407406688,605.997177
2.407178912,596.9020614
2.40694898,588.0628284
2.406717129,578.9493522
2.406487435,570.1629976
2.406257442,561.5137808
2.40602745,553.0502677
2.405797756,544.8450926
2.405568062,536.7416805
2.405338368,528.8566505
2.405108435,521.1632603
2.404878502,513.5324607
2.404648808,506.010998
2.404419114,498.5448857
2.404189122,491.1039449
2.40395913,483.4940506
2.403729436,475.9196972
2.403499742,468.229969
2.403270048,460.3718255
2.403040115,452.4493195
2.402810182,444.4281359
2.402580488,436.4039951
2.402350794,428.2799078
2.402120802,420.1924005
2.40189081,412.0782581
2.401661116,404.0004595
2.401431422,396.0224529
2.401201728,388.0782548
2.400971795,380.1767705
2.400741862,372.2936562
2.400512168,364.555995
2.400282474,356.9009946
2.400052482,349.344333
2.399819979,341.9782301
2.399590284,334.3487179
2.399363102,327.5076645
2.399133408,320.4753602
2.398903475,313.6244526
2.398673542,306.8320447
2.398443848,300.1566871
2.398214154,293.5417609
2.397984162,286.9172143
2.397751669,280.3599547
2.397520799,273.4279434
2.397293606,266.9135236
2.397065088,260.3445398
2.396835155,253.6683064
2.396605222,247.0058655
2.396375528,240.4102412
2.396145834,233.883234
2.395915842,227.3598694
2.39568294,221.1079467
2.395453245,214.4913
2.395226462,208.5857653
2.394996768,202.3529644
2.394766835,196.2728898
2.394536902,190.2007535
2.394307208,184.1785095
2.394077514,178.2476663
2.393847522,172.2888616
2.39361525,166.5553739
2.393385555,160.5731185
2.393158142,155.1431246
2.392928448,149.4855243
2.392698515,144.0207484
2.392468582,138.5460585
2.392238888,133.1443873
2.392009194,127.8053851
2.391779202,122.401589
2.48117677,1236.107621
2.480946777,1235.530827
2.480716785,1234.999695
2.480487091,1234.672201
2.480257397,1234.37264
2.480027703,1234.132823
2.479799637,1234.025025
2.479569705,1234.011473
2.479338144,1234.055699
2.47910845,1234.157566
2.478878457,1234.249359
2.478648465,1234.468163
2.478418771,1234.890441
2.478189077,1235.088358
2.477959383,1235.279439
2.477732362,1235.733068
2.47750243,1236.005239
2.477269823,1236.454028
2.477040129,1236.796576
2.476810137,1237.2333
2.476580145,1237.646483
2.476350451,1237.993227
2.476120757,1238.412073
2.475891063,1238.857814
2.475663555,1239.240291
2.475433623,1239.414476
2.475201503,1239.680938
2.474971809,1240.071381
2.474741817,1240.297307
2.474511825,1240.418769
2.474282131,1240.701995
2.474052437,1240.809757
2.473822743,1240.947711
2.473595866,1241.162234
2.473365934,1241.259406
2.473133183,1241.264783
2.472903489,1241.360635
2.472673497,1241.422313
2.472443505,1241.520467
2.472213811,1241.656674
2.471984117,1241.799268
2.471754423,1241.930437
2.47152449,1242.016181
2.471294557,1241.961532
2.471064863,1242.15515
2.470835169,1242.258106
2.470605177,1242.308087
2.470375185,1242.407878
2.470145491,1242.393159
2.469915797,1242.638564
2.469686103,1242.827384
2.46945617,1242.816132
2.469226237,1243.042905
2.468996543,1243.178637
2.468766849,1243.386198
2.468536857,1243.709277
2.468306865,1243.822797
2.468077171,1244.306536
2.467847477,1244.697272
2.467617783,1244.9186
2.46738785,1245.452094
2.467157917,1245.928557
2.466928223,1246.434677
2.466698529,1247.133229
2.466468537,1247.785749
2.466238544,1248.138644
2.46600885,1249.203783
2.465779156,1249.977522
2.465549463,1250.657643
2.46531953,1251.435179
2.465089597,1252.374533
2.464859903,1253.345475
2.464630209,1254.096593
2.464400217,1255.053404
2.464167821,1255.759752
2.463938126,1256.7371
2.463710836,1257.533642
2.463481142,1258.079352
2.46325121,1258.880038
2.463021277,1259.647329
2.462791583,1260.174864
2.462561889,1260.714999
2.462331897,1261.132893
2.462099883,1261.403786
2.461870188,1261.763254
2.461642516,1261.853741
2.461412822,1262.100308
2.46118289,1261.909409
2.460952957,1261.808623
2.460723263,1261.459778
2.460493569,1261.114513
2.460263577,1260.523729
2.460030851,1260.113825
2.459801156,1259.273101
2.459574196,1258.640659
2.459344502,1257.799061
2.45911457,1257.157341
2.458884637,1255.847033
2.458654943,1254.910786
2.458425249,1254.135083
2.458195257,1253.134773
2.457963161,1252.035056
2.457733466,1251.169004
2.457505876,1250.408026
2.457276182,1249.42761
2.45704625,1248.686051
2.456816317,1247.930946
2.456586623,1247.4107
2.456356929,1246.918426
2.456126937,1246.329055
2.455894487,1246.159627
2.455664792,1245.970196
2.455437556,1245.807846
2.455207862,1245.687433
2.45497793,1245.966929
2.454747997,1246.038624
2.454518303,1246.245333
2.454288609,1246.705914
2.454058617,1246.976779
2.453827211,1247.370791
2.453597517,1247.911213
2.453369236,1248.533788
2.453139542,1249.234036
2.45290961,1249.736013
2.452679677,1250.371407
2.452449983,1251.203309
2.452220289,1252.114621
2.451990297,1252.772072
2.451759936,1253.74804
2.451530242,1254.570814
2.451300916,1255.623889
2.451071222,1256.525979
2.45084123,1257.422462
2.450611237,1258.428024
2.450381543,1259.375637
2.450151849,1260.202957
2.449922155,1261.086395
2.449692899,1261.898792
2.449462967,1262.863007
2.449232596,1263.534594
2.449002902,1264.153757
2.44877291,1264.870942
2.448542917,1265.498928
2.448313223,1266.039495
2.448083529,1266.566238
2.447853835,1267.004056
2.447625624,1267.649502
2.447395692,1267.904986
2.447164276,1268.038464
2.446934582,1268.263816
2.44670459,1268.514472
2.446474597,1268.657581
2.446244903,1268.531472
2.446015209,1268.642659
2.445785515,1268.438119
2.445558349,1268.187982
2.445328417,1268.178208
2.445095956,1267.675115
